desc: I1 cache:         65536 B, 64 B, 2-way associative
desc: D1 cache:         65536 B, 64 B, 2-way associative
desc: LL cache:         6291456 B, 64 B, 48-way associative
cmd: ./benchmark-blocked
events: Ir I1mr ILmr Dr D1mr DLmr Dw D1mw DLmw 
fl=/tmp/peint/cray-gcc/cray-gcc/BUILD/snos_objdir/x86_64-suse-linux/libgcc/../../../cray-gcc-4.9.2/libgcc/unwind-dw2-fde.c
fn=__deregister_frame_info
223 1 1 1 0 0 0 0 0 0
fn=__deregister_frame_info_bases
174 3 0 0 0 0 0 3 0 0
179 5 1 1 1 1 1 0 0 0
185 5 0 0 1 0 0 0 0 0
186 4 1 1 1 0 0 0 0 0
189 2 1 1 1 1 1 1 0 0
216 2 0 0 0 0 0 0 0 0
218 5 0 0 4 0 0 0 0 0
fn=__register_frame_info
81 5 1 1 1 1 1 0 0 0
84 1 0 0 0 0 0 1 1 1
85 1 1 1 0 0 0 1 0 0
86 1 0 0 0 0 0 1 0 0
87 1 0 0 0 0 0 1 0 0
88 1 0 0 0 0 0 1 1 1
89 2 0 0 0 0 0 1 0 0
97 2 0 0 1 0 0 1 0 0
98 1 0 0 0 0 0 1 0 0
105 1 0 0 0 0 0 1 0 0
107 1 0 0 1 0 0 0 0 0
fl=/tmp/peint/cray-gcc/cray-gcc/BUILD/snos_objdir/x86_64-suse-linux/libgcc/./gthr-default.h
fn=__deregister_frame_info_bases
747 4 0 0 1 1 1 0 0 0
748 2 0 0 0 0 0 1 0 0
777 2 0 0 0 0 0 0 0 0
778 2 1 1 0 0 0 1 0 0
fn=__register_frame_info
747 2 0 0 1 1 1 0 0 0
748 3 0 0 0 0 0 1 0 0
778 2 1 1 0 0 0 0 0 0
fl=/usr/src/packages/BUILD/glibc-2.11.3/csu/../sysdeps/unix/sysv/linux/dl-osinfo.h
fn=(below main)
67 2 0 0 0 0 0 0 0 0
89 2 0 0 1 1 1 1 1 1
90 1 0 0 1 0 0 0 0 0
98 2 0 0 0 0 0 0 0 0
109 2 0 0 1 0 0 1 0 0
fl=/usr/src/packages/BUILD/glibc-2.11.3/csu/../sysdeps/unix/sysv/linux/x86_64/../init-first.c
fn=__libc_init_first
44 7 1 1 0 0 0 3 0 0
58 4 1 1 0 0 0 1 0 0
69 2 0 0 1 1 1 1 0 0
73 1 0 0 0 0 0 1 0 0
74 1 0 0 0 0 0 1 0 0
75 1 0 0 0 0 0 1 0 0
78 1 0 0 0 0 0 1 0 0
82 1 0 0 0 0 0 1 0 0
89 4 1 1 0 0 0 0 0 0
99 4 0 0 3 0 0 0 0 0
fl=/usr/src/packages/BUILD/glibc-2.11.3/csu/../sysdeps/unix/sysv/linux/x86_64/sysdep.S
fn=__syscall_error
36 1 1 1 0 0 0 0 0 0
fl=/usr/src/packages/BUILD/glibc-2.11.3/csu/../sysdeps/unix/x86_64/sysdep.S
fn=__syscall_error
53 1 0 0 0 0 0 1 1 0
86 1 0 0 0 0 0 0 0 0
87 1 0 0 1 0 0 0 0 0
fl=/usr/src/packages/BUILD/glibc-2.11.3/csu/../sysdeps/x86_64/dl-irel.h
fn=__libc_csu_irel
33 21 0 0 9 0 0 0 0 0
34 16 0 0 8 2 2 0 0 0
36 18 0 0 1 1 1 0 0 0
38 9 0 0 9 1 1 9 1 1
39 9 0 0 0 0 0 9 2 2
fl=/usr/src/packages/BUILD/glibc-2.11.3/csu/../sysdeps/x86_64/elf/start.S
fn=???
65 1 1 1 0 0 0 0 0 0
81 1 0 0 0 0 0 0 0 0
83 1 0 0 1 1 1 0 0 0
84 1 0 0 0 0 0 0 0 0
86 1 0 0 0 0 0 0 0 0
88 1 0 0 0 0 0 1 1 1
92 1 0 0 0 0 0 1 0 0
106 1 0 0 0 0 0 0 0 0
107 1 0 0 0 0 0 0 0 0
109 1 0 0 0 0 0 0 0 0
113 1 1 1 0 0 0 1 0 0
fl=/usr/src/packages/BUILD/glibc-2.11.3/csu/../sysdeps/x86_64/multiarch/init-arch.c
fn=__init_cpu_features
32 6 0 0 0 0 0 4 0 0
38 3 0 0 0 0 0 0 0 0
39 3 0 0 0 0 0 0 0 0
45 1 0 0 0 0 0 1 0 0
53 3 1 1 0 0 0 1 0 0
56 2 0 0 0 0 0 0 0 0
79 6 2 2 0 0 0 0 0 0
89 3 1 1 0 0 0 0 0 0
96 1 0 0 0 0 0 1 0 0
97 1 0 0 0 0 0 1 0 0
99 1 0 0 0 0 0 1 0 0
100 2 0 0 2 0 0 0 0 0
fl=/usr/src/packages/BUILD/glibc-2.11.3/csu/elf-init.c
fn=__libc_csu_fini
132 3 1 1 0 0 0 2 0 0
134 3 0 0 0 0 0 0 0 0
135 2 0 0 0 0 0 0 0 0
138 1 0 0 0 0 0 0 0 0
140 3 0 0 2 0 0 0 0 0
fn=__libc_csu_init
106 8 2 2 0 0 0 5 0 0
115 5 0 0 0 0 0 0 0 0
120 1 0 0 0 0 0 1 0 0
123 10 0 0 0 0 0 0 0 0
124 4 0 0 1 0 0 1 0 0
125 6 0 0 6 0 0 0 0 0
fn=__libc_csu_irel
82 5 1 1 0 0 0 4 0 0
87 42 2 2 0 0 0 0 0 0
100 6 0 0 5 0 0 0 0 0
fl=/usr/src/packages/BUILD/glibc-2.11.3/csu/libc-start.c
fn=(below main)
102 12 2 2 0 0 0 8 2 2
112 5 0 0 0 0 0 1 1 1
115 3 0 0 2 0 0 0 0 0
117 1 0 0 0 0 0 1 1 1
121 3 1 1 1 0 0 1 1 1
130 1220 0 0 305 38 38 0 0 0
135 1 0 0 0 0 0 1 0 0
138 3 0 0 1 0 0 0 0 0
142 10 1 1 1 0 0 2 0 0
147 1 0 0 0 0 0 1 0 0
152 1 0 0 0 0 0 1 0 0
155 1 0 0 1 0 0 0 0 0
157 1 1 1 0 0 0 1 0 0
164 1 0 0 1 0 0 0 0 0
166 2 0 0 1 0 0 1 0 0
174 2 0 0 0 0 0 0 0 0
181 4 1 1 3 0 0 1 0 0
184 2 0 0 0 0 0 0 0 0
185 4 0 0 0 0 0 1 0 0
191 3 0 0 1 0 0 0 0 0
200 2 0 0 0 0 0 0 0 0
201 4 1 1 3 0 0 1 0 0
229 2 0 0 0 0 0 1 0 0
230 2 0 0 0 0 0 0 0 0
235 2 0 0 1 0 0 1 0 0
236 2 0 0 1 0 0 1 0 0
239 2 1 1 0 0 0 1 0 0
242 5 0 0 4 0 0 1 0 0
274 1 0 0 0 0 0 1 0 0
fl=/usr/src/packages/BUILD/glibc-2.11.3/csu/libc-tls.c
fn=__libc_setup_tls
83 1 0 0 0 0 0 1 1 1
90 1 0 0 0 0 0 1 1 1
91 1 1 1 0 0 0 1 1 1
103 5 0 0 1 0 0 1 0 0
105 1 1 1 0 0 0 1 0 0
107 4 0 0 0 0 0 1 0 0
109 1 0 0 0 0 0 1 0 0
114 7 1 1 0 0 0 6 1 1
125 3 0 0 1 0 0 0 0 0
126 16 1 1 1 0 0 0 0 0
127 12 0 0 4 3 3 0 0 0
130 1 0 0 1 0 0 0 0 0
131 2 0 0 1 1 1 1 0 0
132 1 0 0 1 0 0 0 0 0
133 1 0 0 1 0 0 0 0 0
134 4 1 1 0 0 0 0 0 0
149 7 0 0 1 1 1 0 0 0
150 3 1 1 0 0 0 1 0 0
163 4 0 0 0 0 0 0 0 0
167 1 0 0 0 0 0 1 1 1
172 12 1 1 0 0 0 1 0 0
174 1 0 0 0 0 0 1 1 1
181 1 0 0 0 0 0 1 0 0
183 4 0 0 2 0 0 1 0 0
189 1 0 0 0 0 0 1 1 1
191 8 1 1 0 0 0 2 0 0
204 1 1 1 0 0 0 1 0 0
205 1 0 0 0 0 0 1 0 0
206 1 0 0 0 0 0 1 0 0
207 2 0 0 1 0 0 1 0 0
208 1 0 0 1 1 1 0 0 0
209 1 0 0 0 0 0 1 0 0
213 1 0 0 0 0 0 1 0 0
215 8 0 0 0 0 0 0 0 0
222 8 0 0 7 0 0 0 0 0
fl=/usr/src/packages/BUILD/glibc-2.11.3/dlfcn/dlerror.c
fn=check_free
188 3 1 1 0 0 0 1 0 0
189 3 0 0 1 1 1 0 0 0
201 3 1 1 2 0 0 0 0 0
fn=fini
208 2 1 1 0 0 0 0 0 0
fl=/usr/src/packages/BUILD/glibc-2.11.3/elf/../sysdeps/unix/sysv/linux/dl-sysdep.c
fn=_dl_discover_osversion
67 4 1 1 0 0 0 3 0 0
109 5 0 0 0 0 0 1 1 1
121 3 0 0 0 0 0 0 0 0
131 12 1 1 3 1 1 0 0 0
133 9 0 0 0 0 0 0 0 0
135 21 0 0 5 0 0 0 0 0
138 8 0 0 0 0 0 0 0 0
141 3 0 0 0 0 0 0 0 0
142 3 0 0 0 0 0 0 0 0
143 3 1 1 0 0 0 0 0 0
145 14 0 0 0 0 0 0 0 0
150 2 0 0 0 0 0 0 0 0
153 1 0 0 0 0 0 0 0 0
154 5 0 0 4 0 0 0 0 0
fl=/usr/src/packages/BUILD/glibc-2.11.3/elf/../sysdeps/x86_64/dl-machine.h
fn=_dl_non_dynamic_init
226 3 1 1 1 0 0 0 0 0
fl=/usr/src/packages/BUILD/glibc-2.11.3/elf/dl-load.c
fn=_dl_init_paths
712 7 1 1 0 0 0 4 0 0
727 6 0 0 2 0 0 2 0 0
731 4 1 1 0 0 0 2 0 0
733 2 0 0 0 0 0 0 0 0
740 5 1 1 1 0 0 0 0 0
744 5 0 0 0 0 0 2 0 0
747 4 0 0 2 0 0 0 0 0
753 1 0 0 0 0 0 1 0 0
754 2 1 1 1 0 0 1 0 0
762 4 0 0 0 0 0 2 0 0
764 2 0 0 0 0 0 2 0 0
765 2 0 0 0 0 0 2 0 0
767 4 0 0 0 0 0 2 2 2
768 4 0 0 2 1 1 2 0 0
769 2 1 1 0 0 0 0 0 0
772 6 0 0 2 1 1 0 0 0
773 12 0 0 4 0 0 0 0 0
774 2 0 0 0 0 0 2 0 0
776 14 1 1 0 0 0 2 0 0
782 1 0 0 0 0 0 1 0 0
783 1 0 0 0 0 0 1 0 0
824 5 0 0 1 0 0 0 0 0
845 18 2 2 1 0 0 3 0 0
851 143 1 1 46 0 0 0 0 0
853 45 0 0 0 0 0 0 0 0
854 90 0 0 0 0 0 0 0 0
855 45 0 0 0 0 0 0 0 0
858 3 0 0 0 0 0 2 0 0
860 3 0 0 0 0 0 0 0 0
870 3 1 1 2 0 0 0 0 0
876 1 0 0 0 0 0 1 0 0
882 2 0 0 1 0 0 1 1 0
883 6 0 0 5 0 0 0 0 0
fn=fillin_rpath
491 15 2 2 0 0 0 11 0 0
495 18 0 0 3 0 0 3 0 0
498 6 1 1 0 0 0 2 0 0
502 4 0 0 0 0 0 0 0 0
509 8 1 1 2 0 0 0 0 0
514 6 1 1 0 0 0 2 0 0
517 6 0 0 2 0 0 0 0 0
521 21 0 0 7 0 0 0 0 0
522 15 1 1 5 0 0 0 0 0
540 6 1 1 2 0 0 0 0 0
543 10 1 1 2 0 0 2 0 0
546 4 0 0 0 0 0 0 0 0
550 6 0 0 2 0 0 2 0 0
552 8 0 0 0 0 0 4 0 0
553 2 0 0 0 0 0 2 0 0
556 8 1 1 4 0 0 2 0 0
561 8 0 0 2 0 0 0 0 0
562 16 0 0 2 0 0 0 0 0
563 2 0 0 0 0 0 2 0 0
565 4 0 0 2 0 0 2 0 0
566 4 1 1 2 0 0 0 0 0
571 4 1 1 0 0 0 2 0 0
573 6 0 0 2 0 0 2 0 0
574 2 0 0 0 0 0 2 0 0
577 4 0 0 0 0 0 2 0 0
582 1 0 0 0 0 0 1 0 0
585 9 0 0 7 0 0 0 0 0
fl=/usr/src/packages/BUILD/glibc-2.11.3/elf/dl-support.c
fn=_dl_aux_init
175 80 1 1 19 5 5 0 0 0
176 70 1 1 16 4 4 0 0 0
179 3 0 0 1 0 0 1 1 1
182 2 1 1 1 0 0 1 1 1
185 2 1 1 1 0 0 1 1 1
188 2 0 0 1 0 0 1 1 1
191 2 1 1 1 0 0 1 1 1
204 1 1 1 1 0 0 0 0 0
205 1 0 0 0 0 0 0 0 0
208 1 0 0 1 0 0 0 0 0
209 1 0 0 0 0 0 0 0 0
212 1 1 1 1 0 0 0 0 0
213 1 0 0 0 0 0 0 0 0
216 1 0 0 1 0 0 0 0 0
217 1 0 0 0 0 0 0 0 0
221 2 0 0 1 0 0 1 0 0
222 2 0 0 0 0 0 1 1 1
225 2 1 1 1 0 0 1 0 0
231 3 0 0 1 0 0 0 0 0
fn=_dl_important_hwcaps
320 1 1 1 0 0 0 1 0 0
321 1 0 0 0 0 0 1 0 0
323 1 0 0 0 0 0 1 1 1
325 2 0 0 1 0 0 0 0 0
fn=_dl_non_dynamic_init
243 7 1 1 0 0 0 6 0 0
245 5 0 0 0 0 0 1 0 0
247 2 0 0 1 0 0 0 0 0
250 9 1 1 1 1 1 2 0 0
254 4 0 0 0 0 0 2 0 0
256 8 1 1 1 0 0 2 0 0
258 8 0 0 1 0 0 2 0 0
260 8 1 1 1 0 0 2 0 0
262 8 0 0 1 0 0 2 0 0
264 3 0 0 0 0 0 2 0 0
265 2 1 1 0 0 0 0 0 0
266 7 2 2 1 0 0 1 0 0
269 3 0 0 1 0 0 0 0 0
294 5 1 1 0 0 0 1 0 0
298 3 1 1 1 0 0 0 0 0
302 3 1 1 1 0 0 0 0 0
303 15 0 0 1 0 0 0 0 0
304 22 0 0 5 0 0 0 0 0
306 2 1 1 1 0 0 1 0 0
307 3 0 0 0 0 0 0 0 0
309 8 1 1 7 0 0 0 0 0
fl=/usr/src/packages/BUILD/glibc-2.11.3/elf/dl-tls.c
fn=_dl_get_tls_static_info
321 2 1 1 1 0 0 1 0 0
322 2 0 0 1 0 0 1 0 0
323 1 0 0 1 0 0 0 0 0
fl=/usr/src/packages/BUILD/glibc-2.11.3/elf/enbl-secure.c
fn=__libc_init_secure
33 1 0 0 0 0 0 1 0 0
34 3 1 1 1 0 0 0 0 0
37 2 0 0 2 0 0 0 0 0
fl=/usr/src/packages/BUILD/glibc-2.11.3/io/../sysdeps/unix/syscall-template.S
fn=__write_nocancel
82 135 0 0 27 0 0 0 0 0
fn=write
82 54 1 1 27 0 0 0 0 0
fl=/usr/src/packages/BUILD/glibc-2.11.3/io/../sysdeps/unix/sysv/linux/wordsize-64/fxstat.c
fn=_fxstat
36 1 0 0 0 0 0 0 0 0
37 2 1 1 0 0 0 0 0 0
38 7 0 0 0 0 0 0 0 0
42 2 0 0 1 0 0 0 0 0
fl=/usr/src/packages/BUILD/glibc-2.11.3/libio/filedoalloc.c
fn=_IO_file_doallocate
88 4 1 1 0 0 0 2 0 0
103 8 0 0 3 1 1 1 1 1
105 4 0 0 1 1 1 0 0 0
108 9 1 1 0 0 0 0 0 0
110 1 1 1 1 0 0 0 0 0
113 1 0 0 1 0 0 0 0 0
116 3 0 0 1 0 0 0 0 0
117 4 1 1 0 0 0 0 0 0
120 9 0 0 0 0 0 1 0 0
121 6 0 0 0 0 0 1 0 0
123 5 0 0 3 0 0 0 0 0
fl=/usr/src/packages/BUILD/glibc-2.11.3/libio/fileops.c
fn=_IO_do_write
493 56 0 0 0 0 0 28 0 0
494 192 1 1 0 0 0 27 0 0
496 84 0 0 56 0 0 0 0 0
fn=_IO_file_overflow
829 1182 2 2 0 0 0 591 1 1
830 591 0 0 197 0 0 0 0 0
837 786 0 0 196 0 0 0 0 0
840 2 1 1 1 0 0 0 0 0
842 2 1 1 0 0 0 1 0 0
843 6 0 0 2 0 0 3 0 0
852 2 0 0 0 0 0 0 0 0
861 3 0 0 2 0 0 0 0 0
863 1 0 0 0 0 0 1 0 0
864 1 0 0 0 0 0 1 0 0
865 2 0 0 1 0 0 1 0 0
866 3 1 1 1 0 0 2 0 0
868 3 0 0 0 0 0 1 0 0
869 5 0 0 1 0 0 0 0 0
870 2 0 0 0 0 0 1 0 0
872 394 0 0 0 0 0 0 0 0
873 140 1 1 56 0 0 0 0 0
875 507 0 0 338 0 0 0 0 0
878 507 0 0 0 0 0 338 1 1
879 1183 1 1 169 0 0 0 0 0
884 169 0 0 0 0 0 0 0 0
885 957 0 0 760 0 0 0 0 0
fn=_IO_file_setbuf
445 2 1 1 0 0 0 1 0 0
446 3 0 0 0 0 0 1 0 0
449 4 0 0 1 0 0 3 0 0
451 3 0 0 0 0 0 3 0 0
454 3 0 0 2 0 0 0 0 0
fn=_IO_file_stat
1225 1 1 1 0 0 0 0 0 0
1227 4 1 1 1 0 0 0 0 0
fn=_IO_file_sync
891 2 1 1 0 0 0 1 0 0
896 4 1 1 2 0 0 0 0 0
898 1 0 0 1 0 0 0 0 0
899 3 0 0 1 0 0 0 0 0
916 2 0 0 0 0 0 1 0 0
920 2 0 0 2 0 0 0 0 0
fn=_IO_file_write
1261 216 1 1 0 0 0 108 1 1
1263 162 0 0 0 0 0 0 0 0
1268 162 1 1 54 0 0 27 0 0
1269 54 0 0 0 0 0 0 0 0
1274 27 0 0 0 0 0 0 0 0
1275 81 1 1 0 0 0 0 0 0
1278 81 0 0 27 0 0 0 0 0
1281 189 0 0 135 0 0 0 0 0
fn=_IO_file_xsputn
1288 1070 2 2 0 0 0 642 1 1
1289 107 0 0 0 0 0 0 0 0
1294 321 0 0 0 0 0 0 0 0
1301 428 0 0 107 0 0 0 0 0
1303 424 1 1 212 25 9 0 0 0
1304 318 1 1 0 0 0 0 0 0
1307 1340 0 0 0 0 0 0 0 0
1309 1693 1 1 538 0 0 0 0 0
1311 81 0 0 0 0 0 0 0 0
1313 27 0 0 0 0 0 0 0 0
1318 5 1 1 2 1 1 0 0 0
1322 584 1 1 0 0 0 0 0 0
1326 212 0 0 0 0 0 0 0 0
1329 5 0 0 0 0 0 2 0 0
1334 1 0 0 0 0 0 0 0 0
1340 1876 0 0 0 0 0 0 0 0
1341 1554 0 0 518 0 0 518 26 9
1342 105 0 0 0 0 0 105 0 0
1344 318 0 0 0 0 0 0 0 0
1346 451 0 0 0 0 0 0 0 0
1350 168 0 0 56 0 0 28 0 0
1357 56 0 0 56 0 0 0 0 0
1358 168 0 0 0 0 0 0 0 0
1360 84 1 1 0 0 0 0 0 0
1371 83 0 0 0 0 0 0 0 0
1372 6 1 1 0 0 0 1 0 0
1374 214 0 0 0 0 0 0 0 0
1375 856 0 0 749 0 0 0 0 0
fn=new_do_write
505 216 53 20 0 0 0 108 0 0
507 81 0 0 27 0 0 0 0 0
514 108 1 1 54 0 0 0 0 0
522 162 0 0 54 26 9 27 0 0
523 81 1 1 27 0 0 0 0 0
526 108 0 0 27 0 0 81 0 0
527 54 0 0 0 0 0 54 0 0
528 162 0 0 54 0 0 27 0 0
532 189 0 0 135 0 0 0 0 0
fl=/usr/src/packages/BUILD/glibc-2.11.3/libio/genops.c
fn=_IO_cleanup
944 8 1 1 0 0 0 2 0 0
945 11 1 1 5 0 0 1 0 0
948 12 0 0 4 0 0 0 0 0
950 21 0 0 4 0 0 0 0 0
956 1 0 0 0 0 0 1 0 0
957 18 3 3 9 0 0 1 0 0
959 5 0 0 2 0 0 0 0 0
961 2 1 1 0 0 0 1 0 0
963 2 0 0 1 0 0 1 0 0
964 1 0 0 0 0 0 1 0 0
965 2 0 0 1 0 0 1 0 0
966 4 1 1 1 0 0 1 0 0
969 5 0 0 2 1 1 1 0 0
971 16 1 1 7 0 0 2 0 0
972 2 0 0 0 0 0 1 0 0
977 3 1 1 0 0 0 3 0 0
981 10 1 1 3 0 0 2 0 0
982 2 0 0 0 0 0 0 0 0
1002 6 1 1 0 0 0 5 0 0
1003 2 0 0 0 0 0 1 0 0
1015 8 0 0 6 0 0 0 0 0
fn=_IO_default_setbuf
562 7 1 1 0 0 0 3 0 0
563 4 0 0 2 0 0 1 0 0
565 2 1 1 0 0 0 0 0 0
567 1 0 0 1 0 0 0 0 0
568 5 0 0 0 0 0 1 0 0
575 3 0 0 0 0 0 3 0 0
576 3 1 1 0 0 0 3 0 0
578 6 0 0 4 0 0 0 0 0
fn=_IO_default_xsputn
452 7 1 1 0 0 0 5 0 0
453 2 0 0 0 0 0 0 0 0
455 4 0 0 0 0 0 0 0 0
460 56 0 0 28 0 0 0 0 0
485 119 1 1 39 0 0 13 0 0
487 13 0 0 0 0 0 0 0 0
488 13 0 0 0 0 0 0 0 0
489 2 0 0 0 0 0 0 0 0
490 6 0 0 6 0 0 0 0 0
fn=_IO_doallocbuf
419 2 1 1 0 0 0 1 0 0
420 2 0 0 1 0 0 0 0 0
422 2 0 0 1 0 0 0 0 0
423 5 1 1 2 1 1 1 0 0
426 2 0 0 2 0 0 0 0 0
fn=_IO_flush_all
880 2 0 0 0 0 0 0 0 0
fn=_IO_flush_all_lockp
823 8 1 1 0 0 0 6 0 0
829 8 1 1 0 0 0 2 0 0
830 2 0 0 0 0 0 0 0 0
831 11 1 1 5 3 3 1 0 0
834 1 0 0 1 0 0 0 0 0
835 1 0 0 1 1 1 0 0 0
836 11 0 0 0 0 0 0 0 0
838 3 0 0 0 0 0 3 0 0
839 6 1 1 0 0 0 0 0 0
840 50 1 1 25 7 7 3 0 0
842 21 1 1 9 2 2 0 0 0
852 6 1 1 0 0 0 0 0 0
853 48 1 1 21 0 0 6 0 0
854 3 0 0 0 0 0 3 0 0
856 9 1 1 3 0 0 0 0 0
863 3 0 0 3 2 2 0 0 0
867 2 0 0 0 0 0 0 0 0
868 11 1 1 3 0 0 2 0 0
869 2 0 0 0 0 0 0 0 0
873 9 0 0 7 0 0 0 0 0
fn=_IO_setb
404 18 1 1 0 0 0 8 0 0
405 8 0 0 3 0 0 0 0 0
407 2 0 0 0 0 0 2 0 0
408 2 0 0 0 0 0 2 0 0
409 4 0 0 0 0 0 0 0 0
410 2 1 1 1 0 0 0 0 0
412 1 0 0 1 0 0 0 0 0
413 12 0 0 10 0 0 0 0 0
fn=__overflow
246 468 26 10 156 0 0 0 0 0
248 468 0 0 312 0 0 0 0 0
fl=/usr/src/packages/BUILD/glibc-2.11.3/malloc/arena.c
fn=ptmalloc_init
380 915 0 0 305 0 0 0 0 0
382 646 0 0 323 0 0 0 0 0
398 304 0 0 0 0 0 0 0 0
410 1 0 0 0 0 0 1 1 1
412 1 0 0 0 0 0 1 1 1
413 1 1 1 0 0 0 1 0 0
414 1 0 0 0 0 0 1 0 0
415 2 0 0 0 0 0 2 0 0
420 1 0 0 0 0 0 1 1 1
467 7 1 1 0 0 0 6 0 0
475 3 0 0 1 1 1 0 0 0
476 1 1 1 0 0 0 1 0 0
510 1 0 0 0 0 0 1 1 1
511 1 1 1 0 0 0 1 0 0
525 1 0 0 0 0 0 1 0 0
527 3 0 0 1 0 0 1 0 0
528 11 1 1 1 0 0 6 1 1
539 1 0 0 1 0 0 0 0 0
541 4 0 0 1 0 0 0 0 0
566 2 1 1 0 0 0 0 0 0
568 2 0 0 0 0 0 0 0 0
620 2 1 1 0 0 0 0 0 0
625 1 1 1 1 0 0 0 0 0
626 2 0 0 0 0 0 0 0 0
628 2 0 0 0 0 0 1 0 0
629 8 0 0 7 0 0 0 0 0
fl=/usr/src/packages/BUILD/glibc-2.11.3/malloc/hooks.c
fn=malloc_hook_ini
35 2 1 1 0 0 0 1 0 0
36 1 0 0 0 0 0 1 0 0
37 1 1 1 0 0 0 1 0 0
38 2 0 0 0 0 0 0 0 0
39 1 0 0 1 0 0 0 0 0
fl=/usr/src/packages/BUILD/glibc-2.11.3/malloc/malloc.c
fn=_int_malloc
2985 6 1 1 2 0 0 2 0 0
2998 9 0 0 6 0 0 0 0 0
3012 6 0 0 2 0 0 0 0 0
3019 2 0 0 0 0 0 0 0 0
3021 8 1 1 0 0 0 1 0 0
3023 2 1 1 0 0 0 0 0 0
3037 3 0 0 0 0 0 0 0 0
3050 3 0 0 0 0 0 1 1 1
3055 5 1 1 2 0 0 1 0 0
3056 1 0 0 0 0 0 1 0 0
3058 3 0 0 1 0 0 1 0 0
3059 2 0 0 1 0 0 0 0 0
3060 1 0 0 0 0 0 1 0 0
3069 4 1 1 0 0 0 0 0 0
3079 2 1 1 0 0 0 1 0 0
3088 6 2 2 2 0 0 1 0 0
3098 3 1 1 2 0 0 0 0 0
3102 2 1 1 1 0 0 0 0 0
3164 7 1 1 2 0 0 0 0 0
3172 1 0 0 1 0 0 0 0 0
3183 7 1 1 2 0 0 1 0 0
3191 2 0 0 0 0 0 0 0 0
3192 3 0 0 1 0 0 1 0 0
3194 2 0 0 0 0 0 0 0 0
3196 1 0 0 1 0 0 0 0 0
3197 2 0 0 0 0 0 0 0 0
3242 2 0 0 1 0 0 0 0 0
3243 1 0 0 0 0 0 1 0 0
3244 3 0 0 1 0 0 1 0 0
3250 4 0 0 1 0 0 0 0 0
3253 6 1 1 2 0 0 0 0 0
3284 2 1 1 0 0 0 0 0 0
3293 5 1 1 0 0 0 1 0 0
3312 1 0 0 0 0 0 0 0 0
3315 2 0 0 0 0 0 0 0 0
3316 3 0 0 2 0 0 0 0 0
3318 3 0 0 0 0 0 0 0 0
3319 3 1 1 1 0 0 1 0 0
3331 2 0 0 0 0 0 0 0 0
3336 1 0 0 1 0 0 0 0 0
3337 2 0 0 0 0 0 0 0 0
3355 2 0 0 1 0 0 1 0 0
3356 5 1 1 2 0 0 1 1 1
3357 1 0 0 1 0 0 0 0 0
3368 2 0 0 1 0 0 0 0 0
3413 4 1 1 3 0 0 0 0 0
3414 1 0 0 0 0 0 1 0 0
3418 2 0 0 2 0 0 0 0 0
3422 4 1 1 2 0 0 0 0 0
3424 2 0 0 1 0 0 0 0 0
3425 1 0 0 0 0 0 1 0 0
3426 8 0 0 1 0 0 1 0 0
3427 4 1 1 1 0 0 1 0 0
3429 1 0 0 0 0 0 0 0 0
4265 54 1 1 0 0 0 48 0 0
4295 60 2 2 12 0 0 12 0 0
4303 12 0 0 6 0 0 0 0 0
4304 9 0 0 3 0 0 0 0 0
4305 12 0 0 3 0 0 3 0 0
4317 6 0 0 6 0 0 0 0 0
4319 6 0 0 0 0 0 0 0 0
4345 12 1 1 6 0 0 0 0 0
4346 12 1 1 4 0 0 4 0 0
4347 24 0 0 4 0 0 4 0 0
4349 12 0 0 4 1 1 0 0 0
4350 2 0 0 0 0 0 0 0 0
4351 3 1 1 1 0 0 1 0 0
4386 33 4 4 9 0 0 3 0 0
4387 10 0 0 4 0 0 2 0 0
4407 48 2 2 18 0 0 6 0 0
4423 18 1 1 6 0 0 6 0 0
4535 12 1 1 6 0 0 0 0 0
4536 10 0 0 4 0 0 0 0 0
4539 6 0 0 2 0 0 0 0 0
4606 12 0 0 6 0 0 0 0 0
4607 24 1 1 6 0 0 0 0 0
4608 12 0 0 0 0 0 0 0 0
4609 18 0 0 12 0 0 0 0 0
4610 24 0 0 0 0 0 0 0 0
4615 12 0 0 0 0 0 0 0 0
4617 57 1 1 0 0 0 0 0 0
4619 65 0 0 26 0 0 0 0 0
4715 12 1 1 12 0 0 0 0 0
4716 18 0 0 6 0 0 0 0 0
4718 12 0 0 6 0 0 0 0 0
4720 8 2 2 4 0 0 0 0 0
4721 4 0 0 0 0 0 4 0 0
4722 32 0 0 4 0 0 4 0 0
4724 12 0 0 4 0 0 4 4 4
4727 4 0 0 0 0 0 0 0 0
4728 16 0 0 4 0 0 0 0 0
4751 6 1 1 4 0 0 0 0 0
4754 24 0 0 6 0 0 6 0 0
4763 10 0 0 2 0 0 0 0 0
4764 3 1 1 0 0 0 0 0 0
4768 54 0 0 42 0 0 0 0 0
fn=free
3687 55 0 0 0 0 0 55 0 0
3692 55 17 6 55 27 10 0 0 0
3693 110 0 0 0 0 0 0 0 0
3698 110 0 0 0 0 0 0 0 0
3701 1 0 0 0 0 0 0 0 0
3704 3 0 0 1 1 1 0 0 0
3707 7 0 0 2 2 2 0 0 0
3711 2 0 0 0 0 0 1 0 0
3712 3 0 0 0 0 0 1 0 0
3714 2 0 0 0 0 0 0 0 0
3736 109 2 2 109 0 0 0 0 0
fn=malloc
3610 35 1 1 0 0 0 21 0 0
3615 7 0 0 7 1 1 0 0 0
3616 14 1 1 0 0 0 0 0 0
3617 3 1 1 1 0 0 0 0 0
3619 18 0 0 12 0 0 0 0 0
3652 54 1 1 12 0 0 0 0 0
3655 24 0 0 0 0 0 6 0 0
3656 12 0 0 0 0 0 0 0 0
3676 24 0 0 12 0 0 0 0 0
3677 49 1 1 6 0 0 0 0 0
3680 40 0 0 27 0 0 0 0 0
fn=malloc_consolidate
2473 254 0 0 0 0 0 0 0 0
2474 4 1 1 0 0 0 0 0 0
2475 381 0 0 0 0 0 254 31 31
2479 2 0 0 0 0 0 0 0 0
2483 2 1 1 0 0 0 1 0 0
2484 1 0 0 1 0 0 0 0 0
2486 1 0 0 0 0 0 1 1 1
5092 8 1 1 0 0 0 6 0 0
5114 2 0 0 1 0 0 0 0 0
5202 8 0 0 7 0 0 0 0 0
fn=munmap_chunk
3517 4 1 1 0 0 0 2 1 0
3518 1 0 0 1 0 0 0 0 0
3520 2 1 1 0 0 0 0 0 0
3526 3 0 0 1 0 0 0 0 0
3527 2 0 0 0 0 0 0 0 0
3533 6 0 0 1 0 0 0 0 0
3540 1 0 0 1 0 0 0 0 0
3541 1 0 0 1 0 0 0 0 0
3543 1 0 0 0 0 0 1 0 0
3546 2 0 0 0 0 0 0 0 0
3547 4 1 1 3 0 0 0 0 0
fl=/usr/src/packages/BUILD/glibc-2.11.3/malloc/morecore.c
fn=__default_morecore
48 2 1 1 0 0 0 0 0 0
49 2 0 0 0 0 0 2 0 0
50 6 0 0 0 0 0 0 0 0
53 4 0 0 2 0 0 0 0 0
fl=/usr/src/packages/BUILD/glibc-2.11.3/math/../sysdeps/ieee754/dbl-64/s_isinf.c
fn=isinf
23 104 1 1 26 0 0 26 0 0
24 104 0 0 0 0 0 0 0 0
25 182 0 0 0 0 0 0 0 0
27 26 0 0 26 0 0 0 0 0
fl=/usr/src/packages/BUILD/glibc-2.11.3/math/../sysdeps/ieee754/dbl-64/s_isnan.c
fn=isnan
33 104 1 1 26 0 0 26 0 0
35 234 1 1 0 0 0 0 0 0
38 26 0 0 26 0 0 0 0 0
fl=/usr/src/packages/BUILD/glibc-2.11.3/math/setfpucw.c
fn=__setfpucw
29 1 1 1 0 0 0 1 0 0
34 5 0 0 1 0 0 1 0 0
36 1 0 0 1 0 0 0 0 0
37 1 0 0 1 0 0 0 0 0
fl=/usr/src/packages/BUILD/glibc-2.11.3/misc/../sysdeps/unix/syscall-template.S
fn=mmap
82 15 1 1 0 0 0 0 0 0
83 3 0 0 3 0 0 0 0 0
fn=munmap
82 4 1 1 0 0 0 0 0 0
83 1 0 0 1 0 0 0 0 0
fl=/usr/src/packages/BUILD/glibc-2.11.3/misc/../sysdeps/unix/sysv/linux/getpagesize.c
fn=getpagesize
29 8 1 1 2 0 0 0 0 0
44 2 0 0 2 0 0 0 0 0
fl=/usr/src/packages/BUILD/glibc-2.11.3/misc/../sysdeps/unix/sysv/linux/x86_64/brk.c
fn=brk
29 4 1 1 0 0 0 0 0 0
32 24 0 0 0 0 0 4 0 0
34 12 0 0 0 0 0 0 0 0
41 4 0 0 4 0 0 0 0 0
fl=/usr/src/packages/BUILD/glibc-2.11.3/misc/../sysdeps/unix/sysv/linux/x86_64/syscall.S
fn=syscall
31 1 1 1 0 0 0 0 0 0
32 1 0 0 0 0 0 0 0 0
33 1 0 0 0 0 0 0 0 0
34 1 0 0 0 0 0 0 0 0
35 1 0 0 0 0 0 0 0 0
36 1 0 0 0 0 0 0 0 0
37 1 0 0 1 0 0 0 0 0
38 1 0 0 0 0 0 0 0 0
39 1 0 0 0 0 0 0 0 0
40 1 0 0 0 0 0 0 0 0
42 1 0 0 1 0 0 0 0 0
fl=/usr/src/packages/BUILD/glibc-2.11.3/misc/init-misc.c
fn=__init_misc
31 4 1 1 0 0 0 2 0 0
32 5 0 0 1 0 0 0 0 0
34 3 0 0 0 0 0 1 0 0
35 2 0 0 0 0 0 0 0 0
38 2 0 0 0 0 0 1 1 1
39 2 1 1 1 0 0 1 0 0
41 4 0 0 3 0 0 0 0 0
fl=/usr/src/packages/BUILD/glibc-2.11.3/misc/sbrk.c
fn=sbrk
35 12 1 1 0 0 0 6 0 0
43 12 0 0 5 1 1 0 0 0
44 4 0 0 0 0 0 1 0 0
47 6 0 0 0 0 0 0 0 0
50 3 0 0 3 0 0 0 0 0
51 24 1 1 0 0 0 3 0 0
58 15 1 1 9 0 0 0 0 0
fl=/usr/src/packages/BUILD/glibc-2.11.3/nptl/../nptl/sysdeps/pthread/list.h
fn=__pthread_initialize_minimal
61 1 0 0 0 0 0 1 0 0
62 1 0 0 0 0 0 1 0 0
63 2 1 1 1 0 0 1 0 0
65 1 0 0 0 0 0 1 0 0
fl=/usr/src/packages/BUILD/glibc-2.11.3/nptl/../nptl/sysdeps/unix/sysv/linux/libc_pthread_init.c
fn=__libc_pthread_init
43 1 1 1 0 0 0 0 0 0
45 1 0 0 0 0 0 1 1 1
48 5 1 1 0 0 0 1 0 0
79 3 0 0 1 0 0 0 0 0
fl=/usr/src/packages/BUILD/glibc-2.11.3/nptl/../nptl/sysdeps/unix/sysv/linux/register-atfork.c
fn=__linkin_atfork
117 2 1 1 1 0 0 1 0 0
118 2 0 0 0 0 0 0 0 0
119 4 0 0 2 0 0 0 0 0
120 1 0 0 1 0 0 0 0 0
fn=__register_atfork
53 4 1 1 1 1 1 0 0 0
72 4 0 0 0 0 0 0 0 0
73 2 0 0 0 0 0 1 0 0
74 1 0 0 0 0 0 1 0 0
87 9 1 1 0 0 0 4 0 0
89 10 1 1 2 1 1 0 0 0
93 3 0 0 0 0 0 0 0 0
96 1 0 0 0 0 0 1 0 0
97 3 1 1 0 0 0 1 0 0
98 1 0 0 0 0 0 1 0 0
99 2 0 0 0 0 0 1 0 0
105 4 1 1 2 0 0 0 0 0
107 3 0 0 0 0 0 0 0 0
108 6 0 0 5 0 0 0 0 0
117 2 0 0 1 0 0 1 0 0
118 2 0 0 0 0 0 0 0 0
119 4 0 0 2 0 0 0 0 0
fl=/usr/src/packages/BUILD/glibc-2.11.3/nptl/../sysdeps/unix/sysv/linux/bits/sigset.h
fn=__pthread_initialize_minimal
119 2 0 0 1 0 0 0 0 0
fl=/usr/src/packages/BUILD/glibc-2.11.3/nptl/../sysdeps/unix/sysv/linux/x86_64/sigaction.c
fn=__libc_sigaction
50 8 1 1 0 0 0 2 0 0
54 4 1 1 0 0 0 0 0 0
56 4 0 0 2 0 0 2 1 1
57 68 2 2 32 0 0 32 0 0
58 8 0 0 2 0 0 2 0 0
60 2 0 0 0 0 0 2 0 0
65 22 1 1 0 0 0 0 0 0
67 8 0 0 0 0 0 0 0 0
68 4 0 0 0 0 0 0 0 0
76 8 1 1 4 0 0 0 0 0
fl=/usr/src/packages/BUILD/glibc-2.11.3/nptl/nptl-init.c
fn=__pthread_initialize_minimal
292 3 1 1 0 0 0 2 0 0
296 3 0 0 0 0 0 1 1 1
306 1 0 0 1 0 0 0 0 0
308 5 0 0 0 0 0 2 1 1
309 2 1 1 0 0 0 1 1 1
310 1 0 0 0 0 0 1 1 1
314 2 0 0 1 0 0 1 1 1
319 2 0 0 0 0 0 1 0 0
321 1 0 0 0 0 0 1 0 0
323 1 0 0 0 0 0 1 1 1
327 3 1 1 0 0 0 0 0 0
328 2 0 0 0 0 0 0 0 0
336 1 0 0 0 0 0 1 0 0
337 4 1 1 0 0 0 1 0 0
338 2 0 0 0 0 0 0 0 0
339 2 0 0 0 0 0 0 0 0
340 1 0 0 0 0 0 1 1 1
347 3 0 0 1 0 0 0 0 0
351 1 0 0 0 0 0 1 0 0
357 6 1 1 0 0 0 1 0 0
359 2 0 0 0 0 0 0 0 0
360 2 0 0 0 0 0 0 0 0
361 2 0 0 0 0 0 0 0 0
362 1 0 0 0 0 0 1 0 0
369 2 1 1 1 0 0 1 1 1
372 2 0 0 0 0 0 2 1 1
373 1 0 0 0 0 0 0 0 0
377 2 0 0 1 0 0 1 0 0
383 1 0 0 0 0 0 1 0 0
384 1 1 1 0 0 0 1 0 0
385 21 0 0 0 0 0 16 1 1
387 4 0 0 0 0 0 1 0 0
390 1 0 0 0 0 0 1 0 0
391 1 0 0 0 0 0 1 0 0
393 4 0 0 0 0 0 1 0 0
400 4 1 1 0 0 0 0 0 0
401 2 0 0 0 0 0 0 0 0
406 3 0 0 0 0 0 1 0 0
409 2 0 0 1 0 0 0 0 0
411 3 1 1 1 0 0 1 1 1
413 7 0 0 1 0 0 1 0 0
418 8 2 2 1 0 0 1 0 0
422 1 0 0 0 0 0 1 0 0
430 2 0 0 0 0 0 1 0 0
431 2 0 0 1 0 0 0 0 0
432 2 0 0 1 0 0 0 0 0
433 1 0 0 0 0 0 0 0 0
436 4 0 0 0 0 0 1 0 0
437 1 0 0 0 0 0 1 1 1
456 1 0 0 0 0 0 1 1 1
458 1 1 1 0 0 0 1 0 0
462 5 0 0 0 0 0 2 0 0
468 1 0 0 0 0 0 1 0 0
469 4 0 0 3 0 0 0 0 0
fl=/usr/src/packages/BUILD/glibc-2.11.3/nptl/pthread_mutex_lock.c
fn=pthread_mutex_lock
47 4 2 2 0 0 0 0 0 0
50 6 0 0 2 2 2 0 0 0
51 8 2 2 0 0 0 0 0 0
54 2 0 0 2 1 1 0 0 0
56 4 0 0 0 0 0 0 0 0
61 10 0 0 2 0 0 0 0 0
62 6 0 0 2 0 0 0 0 0
125 2 0 0 0 0 0 2 0 0
127 4 2 2 2 0 0 0 0 0
131 4 0 0 2 0 0 0 0 0
fl=/usr/src/packages/BUILD/glibc-2.11.3/nptl/pthread_mutex_unlock.c
fn=__pthread_mutex_unlock_usercnt
36 6 2 2 0 0 0 0 0 0
37 6 0 0 2 0 0 0 0 0
38 4 0 0 0 0 0 0 0 0
41 4 0 0 0 0 0 0 0 0
46 2 0 0 0 0 0 2 0 0
47 4 0 0 0 0 0 0 0 0
49 4 2 2 2 0 0 0 0 0
52 8 0 0 4 0 0 0 0 0
77 6 0 0 2 0 0 0 0 0
fn=pthread_mutex_unlock
290 4 1 1 0 0 0 0 0 0
fl=/usr/src/packages/BUILD/glibc-2.11.3/posix/../sysdeps/posix/sysconf.c
fn=sysconf
54 5 1 1 1 1 1 0 0 0
215 3 0 0 0 0 0 1 0 0
637 1 1 1 0 0 0 0 0 0
fl=/usr/src/packages/BUILD/glibc-2.11.3/posix/../sysdeps/unix/syscall-template.S
fn=uname
82 4 1 1 0 0 0 0 0 0
83 1 0 0 1 0 0 0 0 0
fl=/usr/src/packages/BUILD/glibc-2.11.3/posix/../sysdeps/unix/sysv/linux/_exit.c
fn=_Exit
33 7 2 2 1 0 0 0 0 0
35 2 0 0 0 0 0 0 0 0
fl=/usr/src/packages/BUILD/glibc-2.11.3/posix/../sysdeps/unix/sysv/linux/x86_64/../sysconf.c
fn=sysconf
44 9 1 1 0 0 0 0 0 0
fl=/usr/src/packages/BUILD/glibc-2.11.3/posix/../sysdeps/unix/sysv/linux/x86_64/sysconf.c
fn=sysconf
33 6 1 1 0 0 0 4 0 0
34 3 0 0 0 0 0 0 0 0
38 7 1 1 5 0 0 0 0 0
fl=/usr/src/packages/BUILD/glibc-2.11.3/resource/../sysdeps/unix/syscall-template.S
fn=getrlimit
82 4 1 1 0 0 0 0 0 0
83 1 0 0 1 0 0 0 0 0
fl=/usr/src/packages/BUILD/glibc-2.11.3/rt/../sysdeps/unix/clock_gettime.c
fn=clock_gettime
94 480 1 1 0 0 0 192 0 0
97 384 0 0 0 0 0 0 0 0
100 672 0 0 0 0 0 0 0 0
135 480 1 1 288 0 0 0 0 0
fl=/usr/src/packages/BUILD/glibc-2.11.3/setjmp/../sysdeps/x86_64/bsd-_setjmp.S
fn=_setjmp
34 1 1 1 0 0 0 0 0 0
38 1 0 0 0 0 0 0 0 0
fl=/usr/src/packages/BUILD/glibc-2.11.3/setjmp/../sysdeps/x86_64/setjmp.S
fn=__sigsetjmp
26 1 1 0 0 0 0 1 0 0
28 1 0 0 0 0 0 0 0 0
29 2 1 1 1 0 0 0 0 0
30 1 0 0 0 0 0 1 0 0
34 1 0 0 0 0 0 1 0 0
35 1 0 0 0 0 0 1 0 0
36 1 0 0 0 0 0 1 0 0
37 1 0 0 0 0 0 1 0 0
38 1 0 0 0 0 0 0 0 0
40 2 0 0 1 0 0 0 0 0
42 1 0 0 0 0 0 1 0 0
43 1 0 0 1 0 0 0 0 0
45 2 0 0 1 0 0 0 0 0
47 1 1 1 0 0 0 1 0 0
58 1 0 0 0 0 0 0 0 0
fl=/usr/src/packages/BUILD/glibc-2.11.3/setjmp/sigjmp.c
fn=__sigjmp_save
29 2 0 0 0 0 0 1 0 0
30 4 0 0 0 0 0 1 0 0
35 3 0 0 2 0 0 0 0 0
fl=/usr/src/packages/BUILD/glibc-2.11.3/stdio-common/../include/ctype.h
fn=__printf_fp
47 104 1 1 52 0 0 0 0 0
48 8 0 0 4 1 1 1 0 0
fl=/usr/src/packages/BUILD/glibc-2.11.3/stdio-common/../nptl/sysdeps/pthread/allocalim.h
fn=__printf_fp
28 52 0 0 0 0 0 0 0 0
fl=/usr/src/packages/BUILD/glibc-2.11.3/stdio-common/_itoa.c
fn=_itoa_word
184 104 1 1 0 0 0 0 0 0
186 52 0 0 0 0 0 0 0 0
195 940 2 2 74 26 10 74 0 0
204 52 0 0 26 0 0 0 0 0
fl=/usr/src/packages/BUILD/glibc-2.11.3/stdio-common/printf-parse.h
fn=vfprintf
77 182 26 10 78 0 0 0 0 0
99 453 1 1 53 0 0 240 5 1
fl=/usr/src/packages/BUILD/glibc-2.11.3/stdio-common/printf.c
fn=printf
30 350 2 2 0 0 0 161 0 0
34 189 1 1 0 0 0 108 0 0
35 81 1 1 27 25 9 27 0 0
39 54 0 0 27 0 0 0 0 0
fl=/usr/src/packages/BUILD/glibc-2.11.3/stdio-common/printf_fp.c
fn=__printf_fp
158 286 16 1 0 0 0 208 1 0
191 26 0 0 0 0 0 26 1 0
193 26 0 0 0 0 0 26 0 0
214 182 25 10 52 0 0 26 1 0
266 78 0 0 0 0 0 0 0 0
268 182 24 10 104 52 20 52 1 0
269 52 0 0 26 0 0 26 0 0
286 104 0 0 52 0 0 0 0 0
316 78 2 2 0 0 0 78 0 0
332 52 0 0 0 0 0 0 0 0
379 78 10 10 52 0 0 26 0 0
382 78 1 1 0 0 0 26 3 0
397 104 1 1 26 0 0 26 0 0
413 286 2 2 26 0 0 78 0 0
417 78 0 0 0 0 0 0 0 0
456 260 2 2 26 0 0 0 0 0
457 156 0 0 0 0 0 26 0 0
458 104 1 1 0 0 0 26 0 0
459 104 0 0 0 0 0 26 0 0
465 26 0 0 0 0 0 26 0 0
466 78 0 0 0 0 0 0 0 0
637 52 0 0 0 0 0 0 0 0
642 26 0 0 0 0 0 0 0 0
646 104 2 2 26 0 0 26 1 0
647 130 0 0 104 0 0 26 0 0
650 26 0 0 0 0 0 26 0 0
651 78 0 0 26 0 0 26 0 0
656 312 0 0 0 0 0 0 0 0
658 624 1 1 312 130 50 0 0 0
665 130 0 0 52 0 0 0 0 0
671 208 2 2 78 0 0 26 0 0
674 104 1 1 52 0 0 0 0 0
676 78 0 0 0 0 0 0 0 0
678 130 0 0 52 0 0 0 0 0
679 182 1 1 0 0 0 0 0 0
687 104 0 0 26 0 0 0 0 0
709 104 0 0 26 0 0 0 0 0
717 78 0 0 0 0 0 26 0 0
718 104 1 1 26 0 0 0 0 0
722 52 0 0 0 0 0 0 0 0
723 52 1 1 0 0 0 0 0 0
726 208 1 1 26 0 0 0 0 0
727 52 1 1 0 0 0 0 0 0
734 26 1 1 0 0 0 0 0 0
737 156 0 0 0 0 0 0 0 0
749 78 0 0 0 0 0 0 0 0
759 78 1 1 26 0 0 26 0 0
762 78 0 0 26 0 0 26 0 0
768 572 0 0 0 0 0 0 0 0
770 1196 1 1 0 0 0 0 0 0
772 52 0 0 0 0 0 0 0 0
794 78 1 1 26 0 0 26 0 0
812 78 1 1 52 0 0 26 0 0
822 182 0 0 130 26 10 26 0 0
824 52 0 0 0 0 0 0 0 0
834 52 1 1 26 0 0 0 0 0
854 208 0 0 78 0 0 52 0 0
855 130 1 1 52 0 0 0 0 0
868 26 1 1 0 0 0 26 0 0
869 104 1 1 26 0 0 26 0 0
870 78 0 0 52 0 0 26 0 0
876 104 1 1 26 0 0 26 0 0
878 182 1 1 78 0 0 52 0 0
882 78 0 0 26 0 0 26 0 0
896 156 1 1 78 0 0 0 0 0
903 52 1 1 26 0 0 0 0 0
913 208 1 1 0 0 0 78 0 0
914 78 0 0 26 0 0 26 0 0
917 130 0 0 52 0 0 0 0 0
935 52 1 1 26 0 0 26 0 0
936 26 0 0 26 0 0 0 0 0
937 234 2 2 52 0 0 52 0 0
943 1066 0 0 364 0 0 26 0 0
946 104 0 0 0 0 0 0 0 0
947 312 1 1 104 0 0 208 0 0
948 387 0 0 0 0 0 0 0 0
950 58 0 0 0 0 0 0 0 0
952 26 0 0 26 0 0 0 0 0
954 130 0 0 26 0 0 0 0 0
959 52 21 9 26 0 0 26 0 0
960 52 0 0 0 0 0 0 0 0
964 37 0 0 2 0 0 0 0 0
969 3 0 0 1 0 0 0 0 0
973 2 1 1 1 0 0 0 0 0
977 1 0 0 0 0 0 0 0 0
978 5 0 0 2 0 0 0 0 0
987 32 0 0 0 0 0 0 0 0
992 128 18 8 32 0 0 0 0 0
997 64 0 0 16 0 0 0 0 0
999 32 0 0 16 0 0 0 0 0
1001 48 0 0 0 0 0 16 0 0
1012 32 0 0 16 0 0 0 0 0
1023 48 0 0 32 0 0 0 0 0
1082 130 2 2 26 0 0 0 0 0
1089 78 0 0 0 0 0 0 0 0
1092 52 0 0 26 0 0 0 0 0
1105 78 2 2 26 0 0 0 0 0
1151 182 2 2 78 0 0 0 0 0
1153 182 1 1 52 0 0 52 0 0
1155 208 0 0 52 0 0 0 0 0
1156 52 0 0 0 0 0 0 0 0
1158 78 1 1 26 0 0 0 0 0
1160 104 1 1 52 0 0 0 0 0
1162 52 1 1 0 0 0 0 0 0
1165 130 1 1 52 0 0 0 0 0
1174 78 0 0 26 0 0 0 0 0
1182 104 0 0 52 0 0 0 0 0
1184 78 1 1 26 0 0 52 0 0
1186 104 0 0 26 0 0 0 0 0
1192 104 1 1 52 0 0 0 0 0
1193 52 0 0 26 0 0 0 0 0
1204 130 1 1 0 0 0 0 0 0
1205 52 0 0 0 0 0 26 0 0
1211 572 0 0 26 0 0 0 0 0
1212 468 1 1 312 0 0 0 0 0
1213 130 0 0 52 0 0 26 0 0
1214 260 0 0 130 0 0 0 0 0
1217 260 0 0 0 0 0 130 0 0
1221 104 1 1 52 0 0 0 0 0
1238 2756 30 14 676 0 0 312 0 0
1241 52 26 10 26 0 0 0 0 0
1248 78 0 0 52 0 0 0 0 0
1252 234 1 1 182 0 0 0 0 0
fn=hack_digit.15283
224 520 1 1 0 0 0 260 0 0
227 1430 3 3 390 0 0 130 0 0
229 312 0 0 104 0 0 0 0 0
231 520 0 0 312 0 0 0 0 0
232 520 0 0 0 0 0 208 0 0
262 520 0 0 390 0 0 0 0 0
fl=/usr/src/packages/BUILD/glibc-2.11.3/stdio-common/vfprintf.c
fn=vfprintf
197 297 2 2 0 0 0 162 0 0
232 135 0 0 54 52 18 54 6 2
1246 160 1 1 27 26 10 1 0 0
1250 135 0 0 27 26 10 0 0 0
1261 54 0 0 0 0 0 0 0 0
1272 162 0 0 81 0 0 81 8 1
1287 351 1 1 27 0 0 108 1 1
1288 459 2 2 216 79 26 27 0 0
1291 405 2 2 135 27 10 54 0 0
1295 81 1 1 54 0 0 0 0 0
1296 270 1 1 0 0 0 189 8 1
1341 1669 4 4 265 105 41 901 15 3
1482 26 26 10 26 0 0 0 0 0
1483 104 26 10 52 0 0 0 0 0
1498 130 0 0 0 0 0 26 0 0
1499 78 0 0 0 0 0 26 0 0
1502 130 26 10 52 0 0 0 0 0
1523 78 1 1 52 0 0 0 0 0
1526 286 42 16 78 26 10 26 0 0
1569 5122 243 108 1664 0 0 676 4 0
1570 204 35 20 13 0 0 8 1 1
1586 52 0 0 26 0 0 0 0 0
1588 106 1 1 53 0 0 0 0 0
1596 159 0 0 53 0 0 53 0 0
1600 1113 2 2 371 0 0 106 0 0
1602 159 0 0 106 0 0 0 0 0
1983 54 1 1 0 0 0 27 0 0
1984 54 1 1 27 0 0 0 0 0
1986 54 0 0 27 0 0 27 0 0
1987 54 0 0 27 0 0 27 0 0
1989 405 2 2 189 0 0 54 0 0
1990 81 0 0 27 0 0 0 0 0
1993 216 0 0 189 0 0 0 0 0
2005 81 0 0 0 0 0 27 0 0
fl=/usr/src/packages/BUILD/glibc-2.11.3/stdlib/../sysdeps/ieee754/dbl-64/dbl2mpn.c
fn=__mpn_extract_double
34 26 0 0 0 0 0 0 0 0
36 52 1 1 26 0 0 26 0 0
38 78 0 0 0 0 0 26 0 0
39 130 0 0 0 0 0 26 0 0
48 156 1 1 0 0 0 26 0 0
57 78 0 0 0 0 0 0 0 0
104 78 1 1 0 0 0 26 0 0
108 52 0 0 26 0 0 0 0 0
fl=/usr/src/packages/BUILD/glibc-2.11.3/stdlib/../sysdeps/x86_64/lshift.S
fn=__mpn_lshift
26 26 1 1 26 0 0 0 0 0
27 26 0 0 0 0 0 0 0 0
28 26 0 0 0 0 0 0 0 0
29 26 0 0 0 0 0 0 0 0
30 26 0 0 0 0 0 0 0 0
31 26 0 0 0 0 0 0 0 0
32 26 0 0 0 0 0 0 0 0
33 26 0 0 0 0 0 0 0 0
34 26 0 0 0 0 0 0 0 0
35 26 0 0 0 0 0 0 0 0
54 26 1 1 0 0 0 0 0 0
56 26 0 0 0 0 0 0 0 0
57 26 0 0 0 0 0 26 1 0
58 26 0 0 0 0 0 0 0 0
59 26 0 0 26 0 0 0 0 0
fl=/usr/src/packages/BUILD/glibc-2.11.3/stdlib/../sysdeps/x86_64/mul_1.S
fn=__mpn_mul_1
26 130 1 1 0 0 0 0 0 0
27 130 0 0 0 0 0 0 0 0
28 130 0 0 0 0 0 0 0 0
29 130 0 0 0 0 0 0 0 0
30 130 0 0 0 0 0 0 0 0
32 156 0 0 156 0 0 0 0 0
33 156 0 0 0 0 0 0 0 0
34 156 0 0 0 0 0 0 0 0
35 156 1 1 0 0 0 0 0 0
36 156 0 0 0 0 0 0 0 0
37 156 0 0 0 0 0 156 0 0
38 156 0 0 0 0 0 0 0 0
39 156 0 0 0 0 0 0 0 0
40 130 0 0 0 0 0 0 0 0
41 130 0 0 130 0 0 0 0 0
fl=/usr/src/packages/BUILD/glibc-2.11.3/stdlib/../sysdeps/x86_64/rshift.S
fn=__mpn_rshift
25 26 0 0 26 0 0 0 0 0
26 26 0 0 0 0 0 0 0 0
27 26 0 0 0 0 0 0 0 0
28 26 0 0 0 0 0 0 0 0
29 26 0 0 0 0 0 0 0 0
30 26 1 1 0 0 0 0 0 0
31 26 0 0 0 0 0 0 0 0
32 26 0 0 0 0 0 0 0 0
33 26 0 0 0 0 0 0 0 0
34 26 0 0 0 0 0 0 0 0
35 26 0 0 0 0 0 0 0 0
36 26 0 0 0 0 0 0 0 0
37 52 0 0 0 0 0 0 0 0
40 26 0 0 26 0 0 0 0 0
41 26 0 0 0 0 0 0 0 0
42 26 0 0 0 0 0 0 0 0
43 26 0 0 0 0 0 0 0 0
44 26 0 0 0 0 0 0 0 0
45 26 0 0 0 0 0 26 0 0
46 26 0 0 0 0 0 0 0 0
58 26 0 0 0 0 0 0 0 0
59 26 0 0 0 0 0 26 0 0
60 26 0 0 0 0 0 0 0 0
61 26 0 0 26 0 0 0 0 0
fl=/usr/src/packages/BUILD/glibc-2.11.3/stdlib/cxa_atexit.c
fn=__cxa_atexit
58 2 1 1 0 0 0 0 0 0
fn=__internal_atexit
34 8 1 1 0 0 0 3 0 0
35 1 0 0 0 0 0 1 0 0
37 3 0 0 0 0 0 0 0 0
41 2 0 0 1 0 0 0 0 0
43 1 0 0 0 0 0 1 0 0
44 1 0 0 0 0 0 1 0 0
45 1 0 0 0 0 0 1 0 0
47 2 0 0 0 0 0 1 0 0
49 6 0 0 4 0 0 0 0 0
fn=__new_exitfn
73 2 1 1 0 0 0 1 0 0
79 6 1 1 2 1 1 0 0 0
81 10 1 1 2 0 0 0 0 0
83 3 0 0 1 1 1 0 0 0
91 1 0 0 0 0 0 1 0 0
98 2 1 1 0 0 0 0 0 0
110 2 1 1 0 0 0 0 0 0
112 1 0 0 0 0 0 0 0 0
113 2 0 0 0 0 0 1 0 0
126 1 1 1 0 0 0 1 0 0
127 1 0 0 1 0 0 0 0 0
130 6 0 0 2 0 0 0 0 0
133 3 0 0 2 0 0 0 0 0
fl=/usr/src/packages/BUILD/glibc-2.11.3/stdlib/drand48-iter.c
fn=__drand48_iterate
39 26662512 26 9 13331256 25 8 0 0 0
41 3 1 1 0 0 0 1 0 0
42 1 1 1 0 0 0 1 0 0
43 1 0 0 0 0 0 1 0 0
52 146643816 9 4 66656280 25 8 0 0 0
54 13331256 0 0 0 0 0 13331256 0 0
55 26662512 0 0 0 0 0 13331256 0 0
56 26662512 0 0 0 0 0 13331256 0 0
59 26662512 0 0 13331256 0 0 0 0 0
fl=/usr/src/packages/BUILD/glibc-2.11.3/stdlib/drand48.c
fn=drand48
25 13331256 26 9 0 0 0 0 0 0
28 66656280 0 0 13331256 0 0 13331256 23 0
31 26662512 0 0 13331256 0 0 0 0 0
fl=/usr/src/packages/BUILD/glibc-2.11.3/stdlib/erand48_r.c
fn=erand48_r
30 66656280 0 0 0 0 0 26662512 0 0
34 53325024 26 9 0 0 0 13331256 0 0
42 119981304 0 0 26662512 0 0 0 0 0
43 93318792 0 0 13331256 0 0 0 0 0
46 66656280 0 0 26662512 23 8 26662512 0 0
49 66656280 0 0 39993768 0 0 0 0 0
fl=/usr/src/packages/BUILD/glibc-2.11.3/stdlib/exit.c
fn=__run_exit_handlers
37 9 1 1 1 1 1 4 0 0
42 3 0 0 0 0 0 0 0 0
46 6 1 1 2 1 1 0 0 0
49 2 0 0 0 0 0 1 0 0
50 7 0 0 1 0 0 0 0 0
74 2 1 1 1 0 0 0 0 0
76 2 0 0 1 1 1 0 0 0
78 4 0 0 1 0 0 1 0 0
83 2 1 1 1 0 0 1 0 0
84 2 0 0 0 0 0 0 0 0
90 2 0 0 0 0 0 0 0 0
91 8 0 0 1 1 1 1 0 0
93 2 0 0 0 0 0 1 0 0
fn=exit
100 4 2 2 0 0 0 1 0 0
fl=/usr/src/packages/BUILD/glibc-2.11.3/stdlib/getenv.c
fn=getenv
36 70 1 1 0 0 0 50 1 1
37 10 1 1 0 0 0 10 0 0
41 50 0 0 20 0 0 0 0 0
44 20 0 0 10 0 0 0 0 0
73 10 1 1 10 0 0 0 0 0
78 10 0 0 0 0 0 0 0 0
79 10 0 0 0 0 0 0 0 0
81 11307 1 1 2827 21 0 0 0 0
90 5782 1 1 2819 279 193 18 0 0
92 1 0 0 0 0 0 0 0 0
97 71 0 0 60 0 0 0 0 0
fl=/usr/src/packages/BUILD/glibc-2.11.3/stdlib/mul.c
fn=__mpn_mul
58 338 2 2 0 0 0 234 1 0
64 52 0 0 0 0 0 0 0 0
76 78 0 0 0 0 0 0 0 0
81 52 0 0 52 26 10 0 0 0
82 52 0 0 0 0 0 0 0 0
91 78 0 0 52 0 0 26 0 0
93 104 0 0 52 0 0 26 0 0
98 52 1 1 0 0 0 0 0 0
152 208 1 1 182 0 0 0 0 0
fl=/usr/src/packages/BUILD/glibc-2.11.3/string/../sysdeps/x86_64/memcpy.S
fn=mempcpy
56 29 1 1 0 0 0 0 0 0
60 29 0 0 0 0 0 0 0 0
63 29 0 0 0 0 0 0 0 0
64 29 0 0 0 0 0 0 0 0
66 27 0 0 27 0 0 0 0 0
67 27 0 0 0 0 0 27 0 0
69 27 0 0 0 0 0 0 0 0
70 27 0 0 0 0 0 0 0 0
75 29 0 0 0 0 0 0 0 0
76 29 0 0 0 0 0 0 0 0
78 1 0 0 1 0 0 0 0 0
79 1 0 0 0 0 0 1 0 0
81 1 0 0 0 0 0 0 0 0
82 1 0 0 0 0 0 0 0 0
87 29 0 0 0 0 0 0 0 0
88 29 0 0 0 0 0 0 0 0
90 2 0 0 2 0 0 0 0 0
91 2 0 0 0 0 0 2 0 0
93 2 0 0 0 0 0 0 0 0
94 2 0 0 0 0 0 0 0 0
99 29 0 0 0 0 0 0 0 0
100 29 0 0 0 0 0 0 0 0
102 1 1 1 1 0 0 0 0 0
103 1 0 0 0 0 0 1 0 0
105 1 0 0 0 0 0 0 0 0
106 2 0 0 0 0 0 0 0 0
111 29 0 0 0 0 0 0 0 0
112 32 0 0 0 0 0 0 0 0
117 3 0 0 3 0 0 0 0 0
118 3 0 0 3 0 0 0 0 0
119 3 0 0 0 0 0 3 0 0
120 3 0 0 0 0 0 3 0 0
122 3 0 0 0 0 0 0 0 0
124 3 0 0 0 0 0 0 0 0
125 3 0 0 0 0 0 0 0 0
127 3 0 0 0 0 0 0 0 0
133 29 0 0 0 0 0 0 0 0
137 29 0 0 29 0 0 0 0 0
fl=/usr/src/packages/BUILD/glibc-2.11.3/string/../sysdeps/x86_64/multiarch/../cacheinfo.c
fn=handle_amd
312 3 0 0 0 0 0 3 0 0
317 12 1 1 0 0 0 0 0 0
320 6 0 0 0 0 0 0 0 0
323 12 0 0 0 0 0 0 0 0
324 6 0 0 0 0 0 0 0 0
327 3 0 0 0 0 0 0 0 0
329 6 1 1 0 0 0 0 0 0
335 15 1 1 3 1 1 0 0 0
338 3 1 1 0 0 0 0 0 0
351 5 1 1 0 0 0 0 0 0
386 2 0 0 0 0 0 0 0 0
421 1 0 0 0 0 0 0 0 0
424 6 0 0 6 0 0 0 0 0
fn=init_cacheinfo
495 5 1 1 0 0 0 4 0 0
508 3 1 1 1 0 0 0 0 0
515 2 0 0 0 0 0 0 0 0
618 2 0 0 0 0 0 0 0 0
620 3 1 1 0 0 0 1 0 0
621 3 0 0 0 0 0 1 0 0
622 3 1 1 0 0 0 1 0 0
644 4 0 0 0 0 0 0 0 0
646 3 0 0 0 0 0 0 0 0
679 2 1 1 0 0 0 0 0 0
681 2 0 0 0 0 0 0 0 0
683 4 0 0 0 0 0 0 0 0
689 2 1 1 0 0 0 0 0 0
691 3 1 1 0 0 0 1 0 0
692 1 0 0 0 0 0 1 0 0
694 2 0 0 0 0 0 0 0 0
695 3 0 0 0 0 0 1 0 0
696 1 0 0 0 0 0 1 0 0
699 2 0 0 0 0 0 0 0 0
701 3 0 0 0 0 0 1 0 0
702 1 0 0 0 0 0 1 0 0
704 2 0 0 0 0 0 0 0 0
705 4 0 0 0 0 0 1 0 0
706 1 0 0 0 0 0 1 0 0
708 6 0 0 5 0 0 0 0 0
fl=/usr/src/packages/BUILD/glibc-2.11.3/string/../sysdeps/x86_64/multiarch/../memcpy.S
fn=memcpy
56 2 1 1 0 0 0 0 0 0
58 2 0 0 0 0 0 0 0 0
60 2 0 0 0 0 0 0 0 0
63 2 0 0 0 0 0 0 0 0
64 2 0 0 0 0 0 0 0 0
66 1 0 0 1 0 0 0 0 0
67 1 0 0 0 0 0 1 0 0
69 1 0 0 0 0 0 0 0 0
70 1 0 0 0 0 0 0 0 0
75 2 0 0 0 0 0 0 0 0
76 2 0 0 0 0 0 0 0 0
87 2 1 1 0 0 0 0 0 0
88 2 0 0 0 0 0 0 0 0
90 1 0 0 1 0 0 0 0 0
91 1 0 0 0 0 0 1 0 0
93 1 0 0 0 0 0 0 0 0
94 1 0 0 0 0 0 0 0 0
99 2 0 0 0 0 0 0 0 0
100 2 0 0 0 0 0 0 0 0
102 2 0 0 2 0 0 0 0 0
103 2 0 0 0 0 0 2 0 0
105 2 0 0 0 0 0 0 0 0
106 2 0 0 0 0 0 0 0 0
111 2 0 0 0 0 0 0 0 0
112 2 0 0 0 0 0 0 0 0
135 2 0 0 2 0 0 0 0 0
143 2 1 1 0 0 0 2 0 0
149 2 0 0 0 0 0 0 0 0
151 2 0 0 0 0 0 0 0 0
152 2 0 0 0 0 0 0 0 0
155 1 0 0 0 0 0 0 0 0
156 2 0 0 0 0 0 0 0 0
161 1 0 0 1 0 0 0 0 0
162 1 0 0 0 0 0 1 0 0
164 1 0 0 0 0 0 0 0 0
166 1 0 0 0 0 0 0 0 0
167 1 0 0 0 0 0 0 0 0
169 2 0 0 0 0 0 0 0 0
178 2 1 1 0 0 0 0 0 0
179 2 0 0 0 0 0 0 0 0
182 2 0 0 0 0 0 0 0 0
183 2 0 0 0 0 0 0 0 0
184 2 0 0 0 0 0 0 0 0
189 2 0 0 0 0 0 0 0 0
191 2 0 0 2 1 1 0 0 0
192 2 0 0 2 0 0 0 0 0
193 2 0 0 2 0 0 0 0 0
194 2 1 1 2 0 0 0 0 0
196 2 0 0 0 0 0 2 1 1
197 2 0 0 0 0 0 2 0 0
198 2 0 0 0 0 0 2 0 0
199 2 0 0 0 0 0 2 0 0
201 2 0 0 0 0 0 0 0 0
202 2 0 0 0 0 0 0 0 0
204 2 0 0 0 0 0 0 0 0
226 2 1 1 0 0 0 0 0 0
232 2 0 0 2 0 0 0 0 0
233 2 0 0 0 0 0 0 0 0
fl=/usr/src/packages/BUILD/glibc-2.11.3/string/../sysdeps/x86_64/multiarch/../memset.S
fn=__memset_x86_64
44 26 1 1 0 0 0 0 0 0
45 26 0 0 0 0 0 0 0 0
46 26 0 0 0 0 0 0 0 0
50 26 0 0 0 0 0 0 0 0
51 26 0 0 0 0 0 0 0 0
52 26 0 0 0 0 0 0 0 0
53 26 0 0 0 0 0 0 0 0
55 26 0 0 0 0 0 0 0 0
56 26 0 0 0 0 0 0 0 0
71 10 0 0 10 9 0 0 0 0
331 1 1 1 0 0 0 1 0 0
332 1 0 0 0 0 0 1 0 0
333 1 0 0 0 0 0 1 0 0
334 1 0 0 0 0 0 1 0 0
335 1 0 0 0 0 0 1 1 0
336 1 0 0 0 0 0 1 0 0
337 1 0 0 0 0 0 1 0 0
338 1 0 0 0 0 0 1 0 0
339 16 1 1 0 0 0 16 0 0
340 16 0 0 16 15 0 0 0 0
504 26 1 1 0 0 0 0 0 0
505 26 0 0 0 0 0 0 0 0
506 26 0 0 0 0 0 0 0 0
507 26 0 0 0 0 0 0 0 0
508 26 0 0 0 0 0 0 0 0
509 26 0 0 0 0 0 0 0 0
510 26 0 0 0 0 0 0 0 0
512 26 0 0 0 0 0 0 0 0
513 26 0 0 26 26 10 0 0 0
593 26 1 1 0 0 0 0 0 0
1214 26 0 0 0 0 0 0 0 0
1215 27 0 0 0 0 0 0 0 0
1219 15 15 1 0 0 0 0 0 0
1220 15 0 0 0 0 0 0 0 0
1221 30 0 0 0 0 0 0 0 0
1226 43645 0 0 0 0 0 0 0 0
1228 43645 0 0 0 0 0 43645 14 0
1229 43645 0 0 0 0 0 43645 0 0
1230 43645 0 0 0 0 0 43645 0 0
1231 43645 0 0 0 0 0 43645 0 0
1232 43645 0 0 0 0 0 43645 43497 0
1233 43645 0 0 0 0 0 43645 0 0
1234 43645 0 0 0 0 0 43645 0 0
1235 43645 0 0 0 0 0 43645 0 0
1236 43645 0 0 0 0 0 43645 0 0
1237 43645 0 0 0 0 0 43645 0 0
1238 43645 0 0 0 0 0 43645 0 0
1239 43645 1 1 0 0 0 43645 0 0
1240 43645 0 0 0 0 0 43645 43481 0
1241 43645 0 0 0 0 0 43645 0 0
1242 43645 0 0 0 0 0 43645 0 0
1243 43645 0 0 0 0 0 43645 0 0
1245 43645 0 0 0 0 0 0 0 0
1247 43645 0 0 0 0 0 0 0 0
1250 15 0 0 0 0 0 0 0 0
1251 15 0 0 0 0 0 0 0 0
1254 15 0 0 0 0 0 0 0 0
1255 15 0 0 15 15 2 0 0 0
1266 25 24 9 25 25 9 0 0 0
1267 25 0 0 0 0 0 0 0 0
1268 25 0 0 0 0 0 0 0 0
1269 25 0 0 0 0 0 0 0 0
1272 15 14 1 0 0 0 0 0 0
1273 16 0 0 0 0 0 0 0 0
1277 11 10 9 0 0 0 0 0 0
1278 11 0 0 0 0 0 0 0 0
1280 11 0 0 0 0 0 0 0 0
1281 11 0 0 0 0 0 0 0 0
1283 11 0 0 0 0 0 0 0 0
1285 1311755 0 0 0 0 0 1311744 163851 76150
1288 11 0 0 0 0 0 0 0 0
1291 11 0 0 0 0 0 0 0 0
1292 11 0 0 0 0 0 0 0 0
1294 1 0 0 0 0 0 0 0 0
1295 1 0 0 0 0 0 0 0 0
1297 1 0 0 0 0 0 0 0 0
1298 1 0 0 1 1 1 0 0 0
1309 10 1 1 0 0 0 0 0 0
1310 10 0 0 0 0 0 0 0 0
1311 20 0 0 0 0 0 0 0 0
1315 152104 0 0 0 0 0 0 0 0
1317 152104 0 0 0 0 0 152104 0 0
1318 152104 0 0 0 0 0 152104 0 0
1319 152104 0 0 0 0 0 152104 0 0
1320 152104 0 0 0 0 0 152104 0 0
1321 152104 0 0 0 0 0 152104 152104 114877
1322 152104 0 0 0 0 0 152104 0 0
1323 152104 0 0 0 0 0 152104 0 0
1324 152104 0 0 0 0 0 152104 0 0
1325 152104 0 0 0 0 0 152104 0 0
1326 152104 1 1 0 0 0 152104 0 0
1327 152104 0 0 0 0 0 152104 0 0
1328 152104 0 0 0 0 0 152104 0 0
1329 152104 0 0 0 0 0 152104 152104 114439
1330 152104 0 0 0 0 0 152104 0 0
1331 152104 0 0 0 0 0 152104 0 0
1332 152104 0 0 0 0 0 152104 0 0
1334 152104 0 0 0 0 0 0 0 0
1336 152104 0 0 0 0 0 0 0 0
1338 10 0 0 0 0 0 0 0 0
1341 10 0 0 0 0 0 0 0 0
1343 10 0 0 0 0 0 0 0 0
1345 10 0 0 0 0 0 0 0 0
1346 10 10 10 10 10 9 0 0 0
fl=/usr/src/packages/BUILD/glibc-2.11.3/string/../sysdeps/x86_64/multiarch/../strcmp.S
fn=strncmp
84 18 0 0 0 0 0 0 0 0
85 18 0 0 0 0 0 0 0 0
86 18 0 0 0 0 0 0 0 0
87 18 0 0 0 0 0 0 0 0
88 18 0 0 0 0 0 0 0 0
90 18 0 0 0 0 0 0 0 0
91 18 0 0 0 0 0 0 0 0
93 18 0 0 0 0 0 0 0 0
94 18 0 0 0 0 0 0 0 0
95 18 0 0 0 0 0 0 0 0
96 18 0 0 0 0 0 0 0 0
97 11 0 0 0 0 0 0 0 0
98 11 0 0 0 0 0 0 0 0
99 5 0 0 5 0 0 0 0 0
100 5 1 1 5 0 0 0 0 0
101 5 0 0 5 0 0 0 0 0
102 5 0 0 5 0 0 0 0 0
103 5 0 0 0 0 0 0 0 0
104 5 0 0 0 0 0 0 0 0
105 5 0 0 0 0 0 0 0 0
106 5 0 0 0 0 0 0 0 0
107 5 0 0 0 0 0 0 0 0
108 5 0 0 0 0 0 0 0 0
109 5 0 0 0 0 0 0 0 0
124 13 1 1 0 0 0 0 0 0
125 13 0 0 0 0 0 0 0 0
126 13 0 0 0 0 0 0 0 0
127 13 0 0 0 0 0 0 0 0
128 13 0 0 0 0 0 0 0 0
129 13 0 0 0 0 0 0 0 0
130 13 0 0 0 0 0 0 0 0
131 13 0 0 0 0 0 0 0 0
132 13 0 0 0 0 0 0 0 0
133 4 0 0 0 0 0 0 0 0
134 4 0 0 0 0 0 0 0 0
135 4 0 0 0 0 0 0 0 0
137 13 0 0 0 0 0 0 0 0
138 13 0 0 0 0 0 0 0 0
139 13 0 0 0 0 0 0 0 0
140 13 0 0 13 2 2 0 0 0
141 13 0 0 0 0 0 0 0 0
142 13 0 0 0 0 0 0 0 0
342 2 1 1 0 0 0 0 0 0
343 2 0 0 2 0 0 0 0 0
344 2 0 0 2 0 0 0 0 0
345 2 0 0 0 0 0 0 0 0
346 2 0 0 0 0 0 0 0 0
347 2 0 0 0 0 0 0 0 0
348 2 0 0 0 0 0 0 0 0
349 2 0 0 0 0 0 0 0 0
350 2 0 0 0 0 0 0 0 0
351 2 0 0 0 0 0 0 0 0
352 2 0 0 0 0 0 0 0 0
353 2 0 0 0 0 0 0 0 0
354 2 1 1 2 0 0 0 0 0
355 12 0 0 0 0 0 0 0 0
357 2 0 0 0 0 0 0 0 0
358 2 0 0 0 0 0 0 0 0
359 2 0 0 0 0 0 0 0 0
365 2 0 0 0 0 0 0 0 0
366 2 0 0 0 0 0 0 0 0
367 4 1 1 0 0 0 0 0 0
371 2 0 0 0 0 0 0 0 0
372 2 0 0 0 0 0 0 0 0
375 2 0 0 2 0 0 0 0 0
376 2 0 0 2 0 0 0 0 0
377 2 0 0 0 0 0 0 0 0
380 2 0 0 0 0 0 0 0 0
381 2 0 0 0 0 0 0 0 0
382 2 0 0 0 0 0 0 0 0
387 2 0 0 0 0 0 0 0 0
388 2 0 0 0 0 0 0 0 0
389 2 1 1 0 0 0 0 0 0
390 2 0 0 0 0 0 0 0 0
391 2 0 0 0 0 0 0 0 0
392 2 0 0 0 0 0 0 0 0
585 1 1 1 0 0 0 0 0 0
586 1 0 0 1 0 0 0 0 0
587 1 0 0 1 0 0 0 0 0
588 1 0 0 0 0 0 0 0 0
589 1 0 0 0 0 0 0 0 0
590 1 0 0 0 0 0 0 0 0
591 1 0 0 0 0 0 0 0 0
592 1 0 0 0 0 0 0 0 0
593 1 0 0 0 0 0 0 0 0
594 1 0 0 0 0 0 0 0 0
595 1 0 0 0 0 0 0 0 0
596 1 0 0 0 0 0 0 0 0
597 1 1 1 1 0 0 0 0 0
599 6 0 0 0 0 0 0 0 0
601 1 0 0 0 0 0 0 0 0
602 1 0 0 0 0 0 0 0 0
603 1 0 0 0 0 0 0 0 0
609 1 0 0 0 0 0 0 0 0
610 1 0 0 0 0 0 0 0 0
611 2 1 1 0 0 0 0 0 0
615 1 0 0 0 0 0 0 0 0
616 1 0 0 0 0 0 0 0 0
619 1 0 0 1 0 0 0 0 0
620 1 0 0 1 1 1 0 0 0
621 1 0 0 0 0 0 0 0 0
624 1 0 0 0 0 0 0 0 0
625 1 0 0 0 0 0 0 0 0
626 1 0 0 0 0 0 0 0 0
631 1 0 0 0 0 0 0 0 0
632 1 0 0 0 0 0 0 0 0
633 1 1 1 0 0 0 0 0 0
634 1 0 0 0 0 0 0 0 0
635 1 0 0 0 0 0 0 0 0
636 1 0 0 0 0 0 0 0 0
707 1 1 1 0 0 0 0 0 0
708 1 0 0 1 0 0 0 0 0
709 1 0 0 1 0 0 0 0 0
710 1 0 0 0 0 0 0 0 0
711 1 0 0 0 0 0 0 0 0
712 1 0 0 0 0 0 0 0 0
713 1 0 0 0 0 0 0 0 0
714 1 0 0 0 0 0 0 0 0
715 1 0 0 0 0 0 0 0 0
716 1 0 0 0 0 0 0 0 0
717 1 0 0 0 0 0 0 0 0
718 1 0 0 0 0 0 0 0 0
829 1 1 1 0 0 0 0 0 0
830 1 0 0 1 0 0 0 0 0
831 1 0 0 1 0 0 0 0 0
832 1 0 0 0 0 0 0 0 0
833 1 0 0 0 0 0 0 0 0
834 1 0 0 0 0 0 0 0 0
835 1 0 0 0 0 0 0 0 0
836 1 0 0 0 0 0 0 0 0
837 1 0 0 0 0 0 0 0 0
838 1 0 0 0 0 0 0 0 0
839 1 0 0 0 0 0 0 0 0
840 1 0 0 0 0 0 0 0 0
1195 1 1 1 0 0 0 0 0 0
1196 1 0 0 1 0 0 0 0 0
1197 1 0 0 1 0 0 0 0 0
1198 1 0 0 0 0 0 0 0 0
1199 1 0 0 0 0 0 0 0 0
1200 1 0 0 0 0 0 0 0 0
1201 1 0 0 0 0 0 0 0 0
1202 1 0 0 0 0 0 0 0 0
1203 1 0 0 0 0 0 0 0 0
1204 1 0 0 0 0 0 0 0 0
1205 1 0 0 0 0 0 0 0 0
1206 1 0 0 0 0 0 0 0 0
1317 2 1 1 0 0 0 0 0 0
1318 2 0 0 2 0 0 0 0 0
1319 2 0 0 2 0 0 0 0 0
1320 2 0 0 0 0 0 0 0 0
1321 2 0 0 0 0 0 0 0 0
1322 2 0 0 0 0 0 0 0 0
1323 2 0 0 0 0 0 0 0 0
1324 2 0 0 0 0 0 0 0 0
1325 2 0 0 0 0 0 0 0 0
1326 2 0 0 0 0 0 0 0 0
1327 2 0 0 0 0 0 0 0 0
1328 2 0 0 0 0 0 0 0 0
1329 1 1 1 1 0 0 0 0 0
1331 6 0 0 0 0 0 0 0 0
1333 1 0 0 0 0 0 0 0 0
1334 1 0 0 0 0 0 0 0 0
1335 1 0 0 0 0 0 0 0 0
1341 1 0 0 0 0 0 0 0 0
1342 1 0 0 0 0 0 0 0 0
1343 2 1 1 0 0 0 0 0 0
1347 1 0 0 0 0 0 0 0 0
1348 1 0 0 0 0 0 0 0 0
1351 1 0 0 1 0 0 0 0 0
1352 1 0 0 1 0 0 0 0 0
1353 1 0 0 0 0 0 0 0 0
1356 1 0 0 0 0 0 0 0 0
1357 1 0 0 0 0 0 0 0 0
1358 1 0 0 0 0 0 0 0 0
1363 1 0 0 0 0 0 0 0 0
1364 1 0 0 0 0 0 0 0 0
1365 1 1 1 0 0 0 0 0 0
1366 1 0 0 0 0 0 0 0 0
1367 1 0 0 0 0 0 0 0 0
1368 1 0 0 0 0 0 0 0 0
1439 2 1 1 0 0 0 0 0 0
1440 2 0 0 2 0 0 0 0 0
1441 2 0 0 2 0 0 0 0 0
1442 2 0 0 0 0 0 0 0 0
1443 2 0 0 0 0 0 0 0 0
1444 2 0 0 0 0 0 0 0 0
1445 2 0 0 0 0 0 0 0 0
1446 2 0 0 0 0 0 0 0 0
1447 2 0 0 0 0 0 0 0 0
1448 2 0 0 0 0 0 0 0 0
1449 2 0 0 0 0 0 0 0 0
1450 2 0 0 0 0 0 0 0 0
1683 3 1 1 0 0 0 0 0 0
1684 3 0 0 3 0 0 0 0 0
1685 3 0 0 3 0 0 0 0 0
1686 3 0 0 0 0 0 0 0 0
1687 3 0 0 0 0 0 0 0 0
1688 3 0 0 0 0 0 0 0 0
1689 3 0 0 0 0 0 0 0 0
1690 3 0 0 0 0 0 0 0 0
1691 3 0 0 0 0 0 0 0 0
1692 3 0 0 0 0 0 0 0 0
1693 3 0 0 0 0 0 0 0 0
1694 3 0 0 0 0 0 0 0 0
2052 4 0 0 0 0 0 0 0 0
2054 13 1 1 0 0 0 0 0 0
2055 13 0 0 0 0 0 0 0 0
2056 13 0 0 0 0 0 0 0 0
2057 13 0 0 0 0 0 0 0 0
2058 8 0 0 0 0 0 0 0 0
2063 18 0 0 0 0 0 0 0 0
2066 18 0 0 0 0 0 0 0 0
2067 18 0 0 0 0 0 0 0 0
2069 17 0 0 17 0 0 0 0 0
2070 17 0 0 17 0 0 0 0 0
2072 17 0 0 0 0 0 0 0 0
2073 17 0 0 17 0 0 0 0 0
2076 1 0 0 0 0 0 0 0 0
2077 1 0 0 1 0 0 0 0 0
fl=/usr/src/packages/BUILD/glibc-2.11.3/string/../sysdeps/x86_64/multiarch/../strlen.S
fn=strlen
26 40 1 1 0 0 0 0 0 0
27 40 0 0 0 0 0 0 0 0
28 40 0 0 0 0 0 0 0 0
29 40 0 0 0 0 0 0 0 0
30 40 0 0 0 0 0 0 0 0
31 40 0 0 40 30 13 0 0 0
32 40 0 0 0 0 0 0 0 0
33 40 0 0 0 0 0 0 0 0
34 40 0 0 0 0 0 0 0 0
35 40 0 0 0 0 0 0 0 0
36 40 0 0 0 0 0 0 0 0
37 40 0 0 0 0 0 0 0 0
39 14 0 0 14 2 2 0 0 0
40 14 0 0 0 0 0 0 0 0
41 14 0 0 0 0 0 0 0 0
42 14 0 0 0 0 0 0 0 0
43 14 0 0 0 0 0 0 0 0
44 14 0 0 0 0 0 0 0 0
46 40 0 0 0 0 0 0 0 0
47 40 1 1 0 0 0 0 0 0
48 40 0 0 0 0 0 0 0 0
49 40 0 0 40 0 0 0 0 0
fl=/usr/src/packages/BUILD/glibc-2.11.3/string/../sysdeps/x86_64/multiarch/../strrchr.S
fn=rindex
26 1 1 1 0 0 0 0 0 0
27 1 0 0 0 0 0 0 0 0
28 1 0 0 0 0 0 0 0 0
29 1 0 0 0 0 0 0 0 0
30 1 0 0 0 0 0 0 0 0
31 1 0 0 0 0 0 0 0 0
32 1 0 0 0 0 0 0 0 0
33 1 0 0 1 0 0 0 0 0
34 1 0 0 0 0 0 0 0 0
35 1 0 0 0 0 0 0 0 0
36 1 0 0 0 0 0 0 0 0
37 1 0 0 0 0 0 0 0 0
38 1 1 1 0 0 0 0 0 0
39 1 0 0 0 0 0 0 0 0
40 1 0 0 0 0 0 0 0 0
41 1 0 0 0 0 0 0 0 0
42 1 0 0 0 0 0 0 0 0
43 1 0 0 0 0 0 0 0 0
44 1 0 0 0 0 0 0 0 0
45 1 0 0 0 0 0 0 0 0
46 1 0 0 0 0 0 0 0 0
47 1 0 0 0 0 0 0 0 0
48 1 0 0 0 0 0 0 0 0
50 1 0 0 1 0 0 0 0 0
51 1 0 0 0 0 0 0 0 0
52 1 0 0 0 0 0 0 0 0
53 1 0 0 0 0 0 0 0 0
54 1 0 0 0 0 0 0 0 0
55 1 0 0 0 0 0 0 0 0
56 1 0 0 0 0 0 0 0 0
57 1 0 0 0 0 0 0 0 0
58 1 0 0 0 0 0 0 0 0
59 1 0 0 0 0 0 0 0 0
61 2 1 1 0 0 0 0 0 0
62 2 0 0 0 0 0 0 0 0
63 2 0 0 0 0 0 0 0 0
64 2 0 0 0 0 0 0 0 0
66 1 0 0 0 0 0 0 0 0
67 1 0 0 0 0 0 0 0 0
68 1 0 0 0 0 0 0 0 0
69 1 0 0 0 0 0 0 0 0
71 1 0 0 0 0 0 0 0 0
72 1 0 0 0 0 0 0 0 0
73 1 0 0 0 0 0 0 0 0
74 1 0 0 0 0 0 0 0 0
75 1 0 0 0 0 0 0 0 0
77 1 0 0 1 0 0 0 0 0
fl=/usr/src/packages/BUILD/glibc-2.11.3/string/../sysdeps/x86_64/multiarch/memmove.c
fn=memmove
39 10 2 2 3 0 0 0 0 0
fl=/usr/src/packages/BUILD/glibc-2.11.3/string/../sysdeps/x86_64/multiarch/memset.S
fn=memset
27 1 1 1 1 0 0 0 0 0
28 1 0 0 0 0 0 0 0 0
30 1 1 1 0 0 0 0 0 0
31 1 0 0 1 0 0 0 0 0
32 1 0 0 0 0 0 0 0 0
34 1 0 0 1 0 0 0 0 0
fl=/usr/src/packages/BUILD/glibc-2.11.3/string/../sysdeps/x86_64/multiarch/rawmemchr.S
fn=rawmemchr
29 1 1 1 1 0 0 0 0 0
30 1 0 0 0 0 0 0 0 0
32 1 0 0 0 0 0 0 0 0
33 1 0 0 1 0 0 0 0 0
34 1 0 0 0 0 0 0 0 0
36 1 0 0 1 0 0 0 0 0
fl=/usr/src/packages/BUILD/glibc-2.11.3/string/../sysdeps/x86_64/multiarch/strchr.S
fn=index
29 1 1 1 1 0 0 0 0 0
30 1 0 0 0 0 0 0 0 0
32 1 0 0 0 0 0 0 0 0
33 1 0 0 1 0 0 0 0 0
34 1 0 0 0 0 0 0 0 0
36 1 0 0 1 0 0 0 0 0
fl=/usr/src/packages/BUILD/glibc-2.11.3/string/../sysdeps/x86_64/multiarch/strcmp.S
fn=strcmp
62 1 1 1 1 0 0 0 0 0
63 1 0 0 0 0 0 0 0 0
66 1 1 1 0 0 0 0 0 0
67 1 0 0 1 0 0 0 0 0
68 1 0 0 0 0 0 0 0 0
69 1 0 0 0 0 0 0 0 0
70 1 0 0 1 0 0 0 0 0
71 1 0 0 0 0 0 0 0 0
72 1 0 0 0 0 0 0 0 0
73 1 0 0 1 0 0 0 0 0
fl=/usr/src/packages/BUILD/glibc-2.11.3/string/../sysdeps/x86_64/multiarch/strcpy.S
fn=stpcpy
62 1 1 1 1 0 0 0 0 0
63 1 0 0 0 0 0 0 0 0
65 1 0 0 0 0 0 0 0 0
66 1 0 0 1 0 0 0 0 0
67 1 1 1 0 0 0 0 0 0
69 1 0 0 1 0 0 0 0 0
fn=strcpy
62 1 1 1 1 0 0 0 0 0
63 1 0 0 0 0 0 0 0 0
65 1 0 0 0 0 0 0 0 0
66 1 0 0 1 0 0 0 0 0
67 1 0 0 0 0 0 0 0 0
69 1 0 0 1 0 0 0 0 0
fn=strncpy
62 1 1 1 1 1 1 0 0 0
63 1 0 0 0 0 0 0 0 0
64 1 0 0 0 0 0 1 0 0
65 1 1 1 0 0 0 0 0 0
66 1 0 0 1 0 0 0 0 0
67 1 0 0 0 0 0 0 0 0
69 1 0 0 1 0 0 0 0 0
fl=/usr/src/packages/BUILD/glibc-2.11.3/string/../sysdeps/x86_64/multiarch/strstr-c.c
fn=strstr
15 10 1 1 3 0 0 0 0 0
fl=/usr/src/packages/BUILD/glibc-2.11.3/string/../sysdeps/x86_64/strchrnul.S
fn=strchrnul
27 80 9 5 0 0 0 0 0 0
28 80 0 0 0 0 0 0 0 0
29 80 0 0 0 0 0 0 0 0
30 80 0 0 0 0 0 0 0 0
31 80 25 10 0 0 0 0 0 0
32 80 0 0 0 0 0 0 0 0
33 80 0 0 0 0 0 0 0 0
34 80 0 0 80 25 10 0 0 0
35 80 0 0 0 0 0 0 0 0
36 80 0 0 0 0 0 0 0 0
37 80 0 0 0 0 0 0 0 0
38 80 0 0 0 0 0 0 0 0
39 80 0 0 0 0 0 0 0 0
40 80 0 0 0 0 0 0 0 0
41 80 0 0 0 0 0 0 0 0
42 80 0 0 0 0 0 0 0 0
43 80 0 0 0 0 0 0 0 0
44 80 0 0 0 0 0 0 0 0
45 80 0 0 0 0 0 0 0 0
46 80 0 0 0 0 0 0 0 0
48 27 0 0 27 0 0 0 0 0
49 27 0 0 0 0 0 0 0 0
50 27 1 1 0 0 0 0 0 0
51 27 0 0 0 0 0 0 0 0
52 27 0 0 0 0 0 0 0 0
53 27 0 0 0 0 0 0 0 0
54 27 0 0 0 0 0 0 0 0
55 27 0 0 0 0 0 0 0 0
56 27 0 0 0 0 0 0 0 0
58 80 25 9 0 0 0 0 0 0
59 80 0 0 0 0 0 0 0 0
60 80 0 0 80 0 0 0 0 0
fl=/usr/src/packages/BUILD/glibc-2.11.3/string/../sysdeps/x86_64/strcspn.S
fn=strpbrk
35 2 1 1 0 0 0 0 0 0
42 2 0 0 0 0 0 0 0 0
43 2 0 0 0 0 0 0 0 0
45 2 1 1 0 0 0 0 0 0
46 2 0 0 0 0 0 0 0 0
47 2 0 0 0 0 0 0 0 0
48 2 0 0 0 0 0 0 0 0
49 66 0 0 0 0 0 64 2 2
52 4 0 0 0 0 0 0 0 0
59 2 0 0 2 0 0 0 0 0
60 2 0 0 0 0 0 0 0 0
61 2 0 0 0 0 0 0 0 0
62 2 0 0 0 0 0 2 0 0
64 2 0 0 2 0 0 0 0 0
65 2 0 0 0 0 0 0 0 0
66 2 0 0 0 0 0 0 0 0
67 2 0 0 0 0 0 2 0 0
69 2 0 0 2 0 0 0 0 0
70 2 0 0 0 0 0 0 0 0
71 2 0 0 0 0 0 0 0 0
80 4 1 1 0 0 0 0 0 0
92 12 0 0 0 0 0 0 0 0
94 12 0 0 12 0 0 0 0 0
95 12 0 0 12 0 0 0 0 0
96 12 0 0 0 0 0 0 0 0
98 12 0 0 12 0 0 0 0 0
99 12 0 0 12 0 0 0 0 0
100 12 0 0 0 0 0 0 0 0
102 11 0 0 11 0 0 0 0 0
103 11 0 0 11 0 0 0 0 0
104 11 0 0 0 0 0 0 0 0
106 11 0 0 11 0 0 0 0 0
107 11 0 0 11 0 0 0 0 0
108 11 0 0 0 0 0 0 0 0
110 1 0 0 0 0 0 0 0 0
111 1 0 0 0 0 0 0 0 0
112 2 0 0 0 0 0 0 0 0
114 2 1 1 0 0 0 0 0 0
117 2 0 0 0 0 0 0 0 0
118 2 0 0 0 0 0 0 0 0
119 2 0 0 0 0 0 0 0 0
125 2 0 0 2 0 0 0 0 0
fl=/usr/src/packages/BUILD/glibc-2.11.3/string/strsep.c
fn=strsep
26 12 1 1 0 0 0 6 0 0
29 3 0 0 3 0 0 0 0 0
30 6 0 0 0 0 0 0 0 0
36 10 0 0 4 1 1 0 0 0
54 6 1 1 0 0 0 2 0 0
56 4 1 1 0 0 0 0 0 0
59 1 0 0 0 0 0 1 0 0
60 3 0 0 0 0 0 1 0 0
64 2 0 0 0 0 0 1 0 0
67 15 0 0 9 0 0 0 0 0
fl=/usr/src/packages/BUILD/glibc-2.11.3/sysvipc/../sysdeps/unix/syscall-template.S
fn=shmget
82 4 2 2 0 0 0 0 0 0
fl=???
fn=???
0 133 34 19 51 29 13 21 1 1
fn=__atpHandlerInstall
0 24 4 4 2 0 0 14 1 1
fn=__sci_dgemm_
0 52 1 1 0 0 0 0 0 0
fn=_fini
0 6 1 1 2 0 0 2 0 0
fn=alloc_hugetlb
0 17 3 3 3 0 0 3 0 0
fn=alloc_mmap
0 39 3 3 4 0 0 7 1 1
fn=basis_dgemm_
0 5512 9 9 1144 145 55 988 72 23
fn=blas_memory_alloc
0 50822 113 51 10722 3143 1167 939 120 78
fn=blas_memory_free
0 728 2 2 156 50 18 52 0 0
fn=blas_set_parameter
0 88 8 8 29 7 6 24 3 3
fn=crayblas_priv_dgemm_
0 52 12 5 0 0 0 0 0 0
fn=dgemm_
0 52 1 1 0 0 0 0 0 0
fn=dgemm_kernel
0 8108738988 943 474 2981051278 171506435 2309635 28238100 930 7
fn=dgemm_nn
0 525106 19 19 192422 39046 116 39724 48 14
fn=dgemm_oncopy
0 25414166 38 22 8924752 1155145 680922 8912336 1055892 314663
fn=dgemm_otcopy
0 25229844 438 181 8889506 1154743 823885 8889220 1100496 104222
fn=fill
0 58326483 122 53 13331646 72 4 26662824 1666007 1133800
fn=get_L2_size
0 7 1 1 2 0 0 1 0 0
fn=gotoblas_init
0 5 0 0 2 1 1 1 0 0
fn=gotoblas_quit
0 5 0 0 2 1 1 1 0 0
fn=isEnvVarTrue
0 14 3 3 4 0 0 4 1 1
fn=main
0 42225842 493 220 11665659 2221200 1210692 13332392 0 0
fn=reference_dgemm
0 1664 31 11 104 96 34 936 48 14
fn=simd_dgemm_2n
0 776559659 151 99 289916159 4006127 54622 26158574 876915 399
fn=simd_dgemm_8n
0 13812987153 93 78 4998173920 120072208 4019515 366088774 13983006 10514
fn=square_dgemm
0 872382 67 34 258663 39036 35 91854 96 7
fn=wall_time
0 1152 17 7 384 64 14 96 0 0
summary: 23695941372 4004 2173 8539073343 300198900 9101387 602852980 19238896 1869330
